3 0.526671 0.551724 0.096806 0.057917
1 0.442657 0.503313 0.057889 0.040135
0 0.647583 0.494143 0.024185 0.020609
6 0.690477 0.912633 0.272065 0.174036
3 0.469815 0.437852 0.038852 0.021141
3 0.438528 0.448172 0.057833 0.034250
5 0.451866 0.397370 0.039954 0.026531
1 0.661602 0.457958 0.040519 0.035240
7 0.694380 0.399654 0.039852 0.029682
1 0.510727 0.452367 0.041898 0.030318
7 0.728491 0.450333 0.073593 0.055813
5 0.676412 0.379896 0.031694 0.021635
3 0.690926 0.912573 0.271037 0.174094
3 0.567083 0.368935 0.020204 0.012099
7 0.389940 0.649172 0.187528 0.170677
3 0.417185 0.467633 0.063148 0.039151
6 0.665292 0.359068 0.027472 0.021271
3 0.574602 0.385839 0.027278 0.014885
3 0.546917 0.438396 0.043722 0.023312
6 0.676065 0.379943 0.032389 0.021833
6 0.630306 0.382023 0.039852 0.033234
7 0.687806 0.572542 0.105593 0.103979
3 0.572907 0.406362 0.032111 0.017547
