5 0.727949 0.373672 0.042491 0.028885
1 0.374352 0.550964 0.077519 0.057375
3 0.949759 0.336352 0.030833 0.017380
1 0.724796 0.471547 0.050833 0.039375
7 0.801676 0.480758 0.071241 0.043620
1 0.227157 0.577570 0.090537 0.062214
1 0.610250 0.502112 0.063852 0.044141
1 0.283023 0.604372 0.114713 0.071766
7 0.638542 0.335417 0.033694 0.028094
4 0.637764 0.463401 0.074454 0.037542
5 0.470523 0.552635 0.139824 0.090969
3 0.596190 0.561268 0.106306 0.070672
3 0.656968 0.490599 0.069731 0.035010
0 0.818440 0.531143 0.033306 0.030453
3 0.611977 0.447888 0.055009 0.037224
7 0.795542 0.466781 0.084472 0.070646
3 0.740708 0.544703 0.073694 0.044427
3 0.406648 0.464328 0.073185 0.041260
3 0.470356 0.552508 0.139861 0.091339
3 0.226694 0.577237 0.088926 0.063474
3 0.373764 0.489133 0.083991 0.052016
3 0.727912 0.585258 0.114972 0.066047
7 0.675963 0.378706 0.061148 0.039245
5 0.427301 0.396138 0.055028 0.035807
1 0.715477 0.524117 0.097065 0.051047
