1 0.963583 0.668914 0.072833 0.064974
3 0.922213 0.435151 0.023315 0.013844
3 0.518944 0.904893 0.220630 0.153411
3 0.637699 0.549687 0.069583 0.048490
0 0.702292 0.593471 0.025917 0.028026
3 0.522769 0.494276 0.054926 0.028646
3 0.895042 0.419836 0.028343 0.014693
6 0.656398 0.418112 0.026981 0.020651
3 0.431319 0.504289 0.051120 0.033495
3 0.580153 0.455414 0.031194 0.016245
0 0.686926 0.537458 0.025278 0.020958
7 0.720546 0.508398 0.071648 0.055307
3 0.407764 0.524440 0.060602 0.038964
6 0.623444 0.415852 0.025519 0.018474
7 0.520491 0.905008 0.223111 0.153068
7 0.737083 0.659487 0.124648 0.103339
0 0.979667 0.715930 0.040667 0.055568
3 0.638509 0.480760 0.042315 0.021677
6 0.686917 0.457594 0.036704 0.029698
6 0.466458 0.564378 0.089231 0.066536
3 0.509870 0.531630 0.054667 0.023771
3 0.576903 0.500841 0.048991 0.028307
3 0.644949 0.505482 0.048565 0.025557
3 0.608542 0.518911 0.062435 0.036083
3 0.736981 0.659370 0.124481 0.102615
6 0.075162 0.682581 0.149269 0.093568
6 0.497880 0.597539 0.142704 0.111109
5 0.445116 0.454862 0.039509 0.027516
1 0.219597 0.716273 0.126991 0.088547
1 0.367074 0.557068 0.060093 0.041604
1 0.528662 0.512154 0.036991 0.029089
1 0.295681 0.601651 0.078546 0.050812
1 0.474398 0.518536 0.039463 0.028521
