4 0.642264 0.519505 0.094861 0.057479
4 0.606435 0.495073 0.087241 0.051646
5 0.343477 0.403164 0.054380 0.036734
7 0.665898 0.401526 0.050296 0.044271
1 0.460134 0.558818 0.082009 0.059438
1 0.210227 0.625586 0.109250 0.077203
5 0.530014 0.399708 0.054509 0.037615
7 0.625435 0.348057 0.038167 0.025083
1 0.446495 0.457320 0.056417 0.031578
5 0.641583 0.385479 0.038574 0.045438
5 0.489671 0.518104 0.106306 0.083260
5 0.413250 0.479281 0.089630 0.052490
2 0.355079 0.529841 0.106454 0.093453
1 0.379125 0.513542 0.062398 0.058656
3 0.853097 0.833271 0.292713 0.141688
3 0.623190 0.549401 0.111176 0.067313
3 0.293435 0.497385 0.082648 0.052906
7 0.708579 0.469227 0.096306 0.073057
3 0.483940 0.359911 0.024713 0.012271
3 0.588773 0.434784 0.055065 0.027193
3 0.598731 0.410833 0.047574 0.022354
3 0.590704 0.459042 0.064426 0.031115
3 0.324407 0.470453 0.072574 0.042958
3 0.574787 0.350555 0.024241 0.014266
3 0.399815 0.442917 0.055185 0.023958
3 0.490134 0.518464 0.105676 0.082479
7 0.412384 0.479177 0.091472 0.052698
0 0.947259 0.579164 0.064537 0.027859
1 0.269880 0.578937 0.108296 0.092240
