1 0.334731 0.629044 0.077167 0.053745
3 0.504819 0.613385 0.088769 0.064396
3 0.713144 0.618286 0.095120 0.060406
3 0.514620 0.572258 0.073426 0.045641
3 0.563759 0.540659 0.069519 0.053068
0 0.962315 0.735505 0.074685 0.055208
0 0.791801 0.623820 0.033898 0.030953
7 0.761375 0.535042 0.070824 0.055781
3 0.446352 0.549883 0.062963 0.039286
5 0.707431 0.462609 0.030583 0.018646
1 0.606528 0.616586 0.063259 0.051589
5 0.483532 0.480898 0.039731 0.026578
1 0.411634 0.654201 0.065380 0.036411
5 0.608343 0.499112 0.050444 0.039349
7 0.696167 0.443091 0.029296 0.019016
7 0.691787 0.559253 0.102426 0.083286
7 0.726569 0.484096 0.037639 0.028922
1 0.404120 0.582328 0.055981 0.040427
