7 0.665324 0.497604 0.071926 0.054531
1 0.291602 0.570268 0.067444 0.043839
4 0.492134 0.527708 0.059250 0.041333
1 0.214856 0.588432 0.068861 0.045375
5 0.448167 0.551195 0.091167 0.060995
1 0.386824 0.529214 0.046222 0.032646
5 0.395870 0.443372 0.041278 0.031422
1 0.924366 0.657995 0.134194 0.061458
7 0.642514 0.445521 0.046806 0.030948
7 0.609565 0.405490 0.028278 0.018896
4 0.522065 0.441380 0.030667 0.013646
5 0.620347 0.426841 0.031565 0.021568
4 0.577801 0.434677 0.029694 0.015729
7 0.605264 0.660125 0.212398 0.117417
3 0.352144 0.509430 0.061657 0.036120
0 0.384745 0.620755 0.050843 0.035750
7 0.614532 0.739404 0.208343 0.158745
3 0.226889 0.637339 0.212259 0.093323
3 0.592157 0.512008 0.059056 0.041964
3 0.508097 0.492724 0.054009 0.035823
3 0.632815 0.552112 0.086611 0.057589
3 0.975333 0.454115 0.040519 0.019833
3 0.593315 0.474188 0.040426 0.027625
0 0.352755 0.604336 0.030102 0.030224
0 0.971667 0.763622 0.055537 0.069182
3 0.670148 0.507591 0.062630 0.033339
3 0.533977 0.475729 0.044176 0.029229
3 0.377704 0.493552 0.053333 0.026646
3 0.572426 0.404443 0.016315 0.006917
