7 0.089245 0.827094 0.178490 0.285823
0 0.637806 0.474263 0.025000 0.029495
3 0.659065 0.458279 0.063593 0.033432
1 0.282958 0.525143 0.066935 0.048339
1 0.285782 0.584437 0.088620 0.060708
1 0.576528 0.380159 0.024981 0.011339
1 0.217273 0.689128 0.124880 0.093484
5 0.580681 0.397818 0.038991 0.024531
5 0.381565 0.393422 0.037963 0.026406
1 0.918745 0.612990 0.145694 0.075198
1 0.698519 0.927924 0.190963 0.143714
5 0.592875 0.601456 0.168472 0.149411
1 0.210079 0.549391 0.072435 0.059229
3 0.573505 0.351951 0.019194 0.008995
3 0.282866 0.525302 0.066787 0.048458
3 0.992407 0.624898 0.014593 0.032422
3 0.364838 0.444109 0.058898 0.034312
6 0.597454 0.355979 0.031222 0.019500
7 0.954546 0.362737 0.047370 0.020630
3 0.832634 0.379904 0.034102 0.015141
3 0.467657 0.505240 0.080667 0.049781
7 0.593023 0.601805 0.168880 0.149776
7 0.351250 0.520526 0.068778 0.050948
7 0.467963 0.505003 0.077852 0.049755
3 0.970657 0.370234 0.028167 0.013302
7 0.918278 0.612846 0.145056 0.074922
3 0.216565 0.689018 0.126685 0.093391
3 0.862481 0.360859 0.018685 0.011354
3 0.286056 0.584081 0.088278 0.059516
3 0.342014 0.463289 0.064602 0.039203
7 0.654880 0.447451 0.073444 0.054328
3 0.595190 0.480620 0.081324 0.052583
4 0.541542 0.455208 0.060639 0.035406
1 0.462528 0.537497 0.069111 0.048349
5 0.084588 0.610328 0.167565 0.093427
1 0.351074 0.785284 0.149704 0.134859
