3 0.875310 0.305604 0.019806 0.012750
3 0.929380 0.305026 0.020352 0.012490
3 0.633856 0.367563 0.044472 0.021365
3 0.337963 0.435810 0.070667 0.040495
3 0.613208 0.348492 0.033806 0.016891
6 0.359917 0.365466 0.055667 0.034661
3 0.663278 0.411956 0.054333 0.029443
7 0.727333 0.437901 0.086167 0.073448
3 0.646380 0.389208 0.048296 0.024188
3 0.621389 0.445188 0.071796 0.037021
3 0.306606 0.459143 0.086102 0.050984
4 0.635829 0.489372 0.100491 0.062109
3 0.584324 0.421630 0.066426 0.037990
1 0.196958 0.852758 0.287435 0.145755
5 0.659796 0.343768 0.040870 0.028943
5 0.459032 0.445464 0.095750 0.076865
5 0.390829 0.404693 0.076676 0.058625
7 0.644972 0.314560 0.036593 0.025703
5 0.529528 0.327586 0.028574 0.018651
5 0.359708 0.365599 0.055713 0.034302
0 0.395935 0.454435 0.026278 0.023578
3 0.340634 0.407055 0.044083 0.016432
