5 0.365361 0.396401 0.072889 0.058771
5 0.542810 0.304523 0.033935 0.016016
4 0.536505 0.342953 0.037194 0.020042
1 0.142278 0.524362 0.107000 0.063443
5 0.330574 0.356232 0.054556 0.033599
1 0.724412 0.863247 0.303954 0.156672
7 0.619708 0.310219 0.037843 0.025583
1 0.366204 0.794052 0.274185 0.130281
5 0.632856 0.340167 0.040991 0.027510
1 0.095338 0.559672 0.103454 0.070906
4 0.584954 0.352128 0.047315 0.022995
1 0.844861 0.726365 0.255889 0.105698
4 0.396560 0.497083 0.118157 0.067271
3 0.304644 0.397503 0.059269 0.017380
7 0.724421 0.863305 0.303713 0.157724
3 0.837343 0.307745 0.017167 0.011990
3 0.932921 0.305078 0.023954 0.012729
0 0.868644 0.660349 0.074694 0.034833
3 0.887157 0.304258 0.017167 0.010276
7 0.586796 0.493148 0.150593 0.121974
3 0.307403 0.424969 0.073380 0.044406
7 0.695458 0.434036 0.083843 0.071552
3 0.100394 0.949635 0.198565 0.100156
7 0.463528 0.418974 0.101796 0.059635
3 0.273750 0.449570 0.086259 0.052891
3 0.197403 0.743943 0.393231 0.116708
