7 0.801727 0.958510 0.335750 0.082323
3 0.984819 0.361310 0.029769 0.022047
3 0.243380 0.543654 0.069667 0.054859
5 0.419426 0.389062 0.042056 0.026229
1 0.301546 0.524224 0.068056 0.048396
1 0.421769 0.492008 0.057204 0.036995
1 0.391639 0.502279 0.064167 0.036495
1 0.413125 0.548724 0.067083 0.059094
1 0.459079 0.603687 0.096380 0.069010
3 0.377708 0.459320 0.063639 0.039536
1 0.243468 0.544133 0.069676 0.055203
7 0.663847 0.393542 0.042861 0.032552
7 0.591843 0.401479 0.053463 0.037271
1 0.373139 0.526224 0.059833 0.045823
1 0.320542 0.570271 0.084713 0.060635
3 0.630972 0.467451 0.065741 0.035755
3 0.689292 0.540008 0.084343 0.052411
7 0.570917 0.535667 0.121000 0.080073
3 0.641759 0.485755 0.059815 0.035937
3 0.961120 0.376375 0.034111 0.017281
7 0.690028 0.444760 0.071907 0.055698
3 0.671125 0.508552 0.085324 0.048708
3 0.506810 0.486807 0.063009 0.036990
3 0.558259 0.464208 0.057093 0.031906
0 0.456569 0.726924 0.065583 0.060349
3 0.523657 0.451461 0.052426 0.031547
3 0.486051 0.426055 0.052250 0.030141
3 0.561681 0.493107 0.074935 0.028443
