3 0.325542 0.433698 0.054398 0.042604
3 0.392579 0.454375 0.095657 0.057542
3 0.292815 0.669063 0.511130 0.143802
6 0.518093 0.427612 0.140852 0.102161
6 0.396542 0.415977 0.106102 0.068432
3 0.518417 0.497563 0.128093 0.081125
3 0.346560 0.496771 0.132454 0.087688
3 0.320454 0.394484 0.082204 0.054823
3 0.638213 0.441427 0.093130 0.064479
3 0.611523 0.356807 0.086009 0.063365
6 0.608852 0.308099 0.062889 0.042562
3 0.466731 0.330385 0.057556 0.034052
6 0.293046 0.669234 0.507315 0.142979
6 0.370370 0.299591 0.055426 0.038453
6 0.671912 0.270891 0.044176 0.026938
3 0.941681 0.241094 0.024009 0.014198
3 0.350157 0.366888 0.071815 0.043234
7 0.714676 0.479003 0.108185 0.104995
3 0.165565 0.510857 0.110426 0.070964
6 0.654912 0.242674 0.037231 0.026016
6 0.691134 0.308867 0.076806 0.051630
7 0.741949 0.365953 0.087935 0.073062
6 0.597361 0.239339 0.032630 0.023146
3 0.515750 0.297445 0.026167 0.021880
6 0.581616 0.280781 0.047898 0.032469
3 0.580894 0.280807 0.048213 0.032677
0 0.156495 0.576503 0.043231 0.049047
6 0.741921 0.365932 0.087620 0.073177
3 0.524861 0.248617 0.023444 0.012880
