1 0.516685 0.331219 0.028667 0.016615
5 0.636116 0.358484 0.046991 0.033083
7 0.642083 0.302141 0.039778 0.026490
5 0.657630 0.330841 0.043444 0.028536
4 0.560764 0.414737 0.064954 0.041474
4 0.538019 0.382068 0.055426 0.030812
4 0.411153 0.532409 0.129565 0.077661
5 0.141250 0.709570 0.281500 0.141182
3 0.969755 0.439435 0.059806 0.033328
0 0.977134 0.649544 0.045676 0.046932
3 0.501301 0.358836 0.023324 0.012734
7 0.391713 0.392227 0.073870 0.058526
6 0.356236 0.351654 0.054120 0.033161
7 0.178648 0.523651 0.093852 0.061021
3 0.930907 0.284604 0.065667 0.016948
3 0.967514 0.312404 0.064972 0.037693
3 0.335324 0.421367 0.072278 0.043484
7 0.432755 0.465432 0.132676 0.069490
7 0.720819 0.425250 0.090972 0.073135
7 0.621963 0.494995 0.159704 0.128531
3 0.302338 0.446904 0.084750 0.051672
1 0.506343 0.343385 0.050278 0.017396
5 0.599227 0.329997 0.040324 0.027359
1 0.614088 0.420927 0.065713 0.027271
6 0.599792 0.329594 0.040213 0.029865
0 0.646273 0.403589 0.037843 0.035656
1 0.178736 0.523508 0.093583 0.062266
5 0.391824 0.392419 0.073389 0.058599
1 0.132306 0.557932 0.101852 0.069771
1 0.450537 0.419531 0.052111 0.032010
