7 0.742829 0.775826 0.155213 0.138495
3 0.644046 0.476651 0.025870 0.009792
1 0.396532 0.599232 0.054324 0.043234
1 0.329324 0.646424 0.081130 0.055922
5 0.166116 0.759068 0.330361 0.158771
5 0.473949 0.496849 0.039491 0.026958
1 0.441699 0.625419 0.063602 0.048286
3 0.931981 0.467495 0.032241 0.011656
7 0.661472 0.499990 0.054333 0.039010
3 0.601236 0.475784 0.026139 0.009641
3 0.396134 0.599523 0.054472 0.042151
1 0.513648 0.515393 0.028296 0.022484
1 0.548611 0.520380 0.025111 0.015344
7 0.716671 0.497708 0.037657 0.029667
5 0.697657 0.478669 0.030778 0.021984
7 0.685111 0.457427 0.030241 0.020729
3 0.397801 0.710586 0.107009 0.072078
3 0.439815 0.566206 0.065204 0.038391
3 0.742792 0.775802 0.154954 0.138615
7 0.591296 0.576232 0.081889 0.050443
0 0.472296 0.767305 0.037278 0.043797
7 0.751014 0.548099 0.074861 0.055667
3 0.591250 0.576227 0.081907 0.050984
3 0.460759 0.546589 0.055148 0.035042
