6 0.775861 0.506302 0.073667 0.056406
3 0.603727 0.470781 0.038602 0.023750
3 0.463861 0.522409 0.061574 0.038036
3 0.572782 0.515362 0.057083 0.039922
3 0.731847 0.585969 0.092435 0.059771
1 0.496454 0.571802 0.046463 0.032698
1 0.439269 0.589232 0.053111 0.034068
5 0.724796 0.433766 0.030870 0.016937
1 0.348741 0.601747 0.067667 0.054859
5 0.049111 0.702458 0.097833 0.092354
7 0.681912 0.427125 0.032602 0.028313
7 0.741898 0.455471 0.037259 0.030266
1 0.423338 0.554685 0.057417 0.037245
5 0.500171 0.453391 0.039565 0.026458
1 0.627912 0.576846 0.060769 0.048474
7 0.049630 0.701786 0.098519 0.092927
3 0.485116 0.503044 0.057250 0.035307
0 0.648324 0.516151 0.023519 0.019490
7 0.776634 0.506365 0.073620 0.056365
6 0.712472 0.414227 0.028333 0.018974
3 0.956440 0.423549 0.020639 0.012547
6 0.724736 0.440409 0.032102 0.030089
