1 0.618949 0.439771 0.026676 0.022073
3 0.396162 0.459398 0.055565 0.035057
3 0.982014 0.384331 0.034935 0.021234
3 0.533653 0.396513 0.023472 0.015193
6 0.655542 0.415771 0.039657 0.030573
3 0.522815 0.381372 0.019241 0.008568
1 0.553162 0.409651 0.021398 0.015094
1 0.671727 0.781521 0.131046 0.125031
1 0.285421 0.624313 0.090083 0.068448
1 0.357120 0.597427 0.077889 0.063740
4 0.598120 0.449648 0.050722 0.029474
5 0.414282 0.409987 0.040306 0.026432
7 0.655787 0.415490 0.040630 0.029625
1 0.239171 0.563794 0.076306 0.058349
1 0.936861 0.634781 0.126111 0.078292
0 0.453051 0.621336 0.038620 0.037234
2 0.491782 0.436359 0.031657 0.023500
1 0.946449 0.704219 0.105361 0.052344
1 0.311551 0.531872 0.067361 0.060943
3 0.372264 0.479333 0.065306 0.038906
3 0.531718 0.441786 0.050676 0.024750
3 0.575866 0.403518 0.027343 0.013057
7 0.684046 0.466875 0.070278 0.054552
3 0.603282 0.384844 0.022787 0.011625
