7 0.408315 0.520365 0.087722 0.060562
7 0.661204 0.502612 0.071148 0.054182
3 0.463227 0.477109 0.040713 0.023115
3 0.877426 0.429766 0.031444 0.015562
3 0.927648 0.435297 0.030778 0.013990
7 0.926963 0.669424 0.144778 0.077464
3 0.838847 0.435279 0.035454 0.015953
3 0.572162 0.475714 0.042565 0.022010
0 0.344884 0.609792 0.024602 0.032437
6 0.960861 0.416721 0.046981 0.019151
7 0.665329 0.512341 0.062287 0.033755
2 0.360449 0.586693 0.084343 0.065385
1 0.286375 0.577612 0.062454 0.046547
5 0.390991 0.447354 0.040241 0.026792
1 0.213222 0.604034 0.071296 0.060609
7 0.631708 0.451958 0.037009 0.031104
5 0.616278 0.429885 0.030148 0.016406
5 0.552227 0.454547 0.039491 0.024198
1 0.926616 0.669464 0.144176 0.077490
3 0.606023 0.575164 0.076528 0.047786
3 0.550065 0.551279 0.067407 0.042130
3 0.346542 0.516820 0.059750 0.038578
3 0.575861 0.497026 0.050648 0.027917
