3 0.335329 0.461333 0.065102 0.040073
4 0.571139 0.460271 0.054963 0.032125
5 0.602875 0.376034 0.032009 0.020995
1 0.083625 0.676513 0.107935 0.042276
5 0.624171 0.395299 0.048657 0.029536
1 0.199671 0.546482 0.067787 0.054547
7 0.591560 0.353995 0.028880 0.018531
7 0.557759 0.403763 0.054204 0.038984
5 0.377139 0.391294 0.040833 0.027057
3 0.430620 0.491302 0.070537 0.037813
7 0.477046 0.448060 0.074185 0.046443
7 0.647870 0.447109 0.070796 0.055042
3 0.358569 0.441240 0.055676 0.033177
3 0.436597 0.436805 0.030028 0.026318
0 0.983194 0.624518 0.033093 0.033318
3 0.802245 0.357651 0.027583 0.012052
7 0.948972 0.362471 0.048630 0.022172
3 0.964810 0.370188 0.024917 0.011667
