6 0.715116 0.453107 0.031324 0.021755
7 0.533449 0.527260 0.076046 0.040490
6 0.703977 0.432203 0.028880 0.020833
1 0.987838 0.684930 0.023602 0.054130
1 0.426694 0.608966 0.053037 0.025984
1 0.410889 0.569771 0.056759 0.040542
7 0.697815 0.538815 0.100778 0.087370
3 0.576440 0.566143 0.070028 0.043599
7 0.760060 0.701729 0.165306 0.097260
7 0.769579 0.523464 0.067861 0.055229
3 0.453856 0.537362 0.064769 0.036880
7 0.746282 0.647687 0.189750 0.130823
3 0.537546 0.594706 0.111481 0.072589
3 0.606449 0.538203 0.055620 0.030000
3 0.215384 0.688169 0.256157 0.089141
7 0.732995 0.472305 0.038176 0.029182
5 0.613426 0.504833 0.054556 0.042125
7 0.769880 0.523500 0.067815 0.055344
5 0.491324 0.468953 0.038722 0.026646
1 0.415347 0.682336 0.093009 0.080984
1 0.343569 0.617214 0.078528 0.054625
