3 0.464130 0.480117 0.062204 0.039943
7 0.690593 0.479214 0.068389 0.054396
3 0.716861 0.730768 0.159315 0.115974
3 0.328384 0.656883 0.174398 0.076255
3 0.983352 0.670945 0.032593 0.044870
0 0.026403 0.825154 0.052269 0.052630
0 0.370130 0.609828 0.037815 0.021146
1 0.525181 0.483883 0.037287 0.029943
7 0.664491 0.428294 0.042167 0.030786
1 0.241194 0.575792 0.070556 0.060146
7 0.637389 0.386630 0.026796 0.018656
5 0.646917 0.407792 0.030278 0.019885
5 0.420991 0.421682 0.040574 0.027250
1 0.400204 0.507273 0.055907 0.027984
1 0.319296 0.589820 0.078667 0.062276
3 0.679296 0.589164 0.092611 0.058724
1 0.168056 0.672573 0.127611 0.079573
4 0.504606 0.645047 0.120472 0.083458
7 0.695111 0.489448 0.059407 0.033990
3 0.650009 0.542195 0.082296 0.051307
3 0.399806 0.537456 0.084241 0.046057
3 0.525259 0.519648 0.062907 0.041120
3 0.376921 0.490326 0.061935 0.038099
