3 0.562468 0.502573 0.060787 0.042323
3 0.708856 0.599526 0.093972 0.060417
5 0.472009 0.466784 0.039685 0.026245
7 0.713958 0.465740 0.038250 0.029365
7 0.683699 0.425680 0.031287 0.020141
1 0.982500 0.671589 0.035000 0.060354
1 0.329690 0.617828 0.075917 0.055219
6 0.695449 0.446581 0.028731 0.021026
3 0.965259 0.434797 0.038481 0.017229
1 0.398454 0.568378 0.058130 0.037974
1 0.600222 0.599495 0.064037 0.052240
7 0.656028 0.459747 0.047852 0.041620
1 0.522782 0.542823 0.048694 0.039927
7 0.750032 0.516451 0.073287 0.055724
6 0.750056 0.516591 0.073630 0.055859
3 0.438551 0.535716 0.063806 0.039182
7 0.502829 0.593198 0.088120 0.065208
3 0.601218 0.470758 0.030657 0.016568
0 0.789245 0.602669 0.040231 0.032630
3 0.502935 0.593206 0.088370 0.065526
7 0.664407 0.515435 0.086407 0.065432
