6 0.616116 0.307047 0.034102 0.018260
1 0.199162 0.540440 0.094917 0.047443
1 0.430116 0.603253 0.111343 0.082891
4 0.483722 0.432812 0.076574 0.046302
4 0.615208 0.383138 0.059065 0.031672
4 0.669417 0.362003 0.048444 0.027766
5 0.141491 0.628086 0.281000 0.142786
4 0.687481 0.425453 0.073556 0.044229
3 0.371917 0.446630 0.084907 0.052125
3 0.637139 0.410065 0.057630 0.031984
7 0.795171 0.426117 0.089843 0.074151
6 0.425102 0.352940 0.054815 0.035880
1 0.266875 0.513401 0.087787 0.062938
7 0.438769 0.857185 0.420148 0.284703
1 0.350398 0.540188 0.067926 0.040948
5 0.459843 0.391516 0.072315 0.057833
6 0.711792 0.301724 0.039157 0.026760
7 0.523139 0.678568 0.488926 0.363260
3 0.697907 0.343945 0.042630 0.019036
3 0.622199 0.327552 0.030361 0.016531
6 0.727190 0.331362 0.041157 0.029766
3 0.692472 0.491076 0.098093 0.053839
0 0.960704 0.833677 0.078389 0.091448
3 0.673940 0.331544 0.036398 0.019734
0 0.557250 0.411750 0.023778 0.019896
6 0.882773 0.273768 0.030546 0.018089
3 0.403046 0.420234 0.071074 0.041729
6 0.665653 0.300312 0.033213 0.021135
3 0.266981 0.513591 0.088778 0.063859
