7 0.607764 0.403891 0.095176 0.064135
7 0.724287 0.445667 0.080981 0.041760
3 0.851991 0.299781 0.026019 0.017469
0 0.948097 0.547510 0.065639 0.026417
3 0.406181 0.655068 0.145046 0.100125
3 0.906421 0.295148 0.015991 0.010974
3 0.976514 0.304156 0.026769 0.013302
7 0.116264 0.644932 0.231620 0.145146
3 0.336338 0.426122 0.075843 0.043297
3 0.546347 0.437286 0.067194 0.041115
3 0.354574 0.518773 0.160759 0.129380
7 0.722769 0.432461 0.085019 0.071932
3 0.681491 0.896698 0.255185 0.205448
3 0.663301 0.570237 0.125120 0.074151
3 0.300551 0.451271 0.086398 0.051219
3 0.556907 0.463003 0.089889 0.055182
3 0.564565 0.508591 0.099833 0.052807
3 0.317634 0.860901 0.250676 0.202458
1 0.675347 0.726958 0.140454 0.120719
5 0.355963 0.358279 0.054833 0.036068
1 0.064917 0.832096 0.128463 0.163172
1 0.162815 0.567302 0.101741 0.035167
1 0.719963 0.524073 0.079389 0.070875
7 0.553931 0.313297 0.041250 0.037052
5 0.116069 0.644984 0.231472 0.145198
5 0.448347 0.419073 0.080306 0.060792
1 0.406935 0.385180 0.034259 0.029099
5 0.354944 0.518229 0.160185 0.131302
7 0.644000 0.309281 0.037407 0.025156
1 0.405995 0.655148 0.144306 0.100589
