5 0.321463 0.366469 0.054593 0.036844
3 0.593009 0.373961 0.045389 0.022297
3 0.951074 0.330766 0.032296 0.020198
3 0.569394 0.364495 0.041731 0.021010
3 0.288968 0.550391 0.135787 0.075406
7 0.517296 0.293062 0.027444 0.022656
5 0.521611 0.417380 0.076056 0.052406
3 0.928653 0.299521 0.042546 0.015083
7 0.691157 0.433672 0.087130 0.073250
3 0.303125 0.434401 0.073787 0.042896
3 0.585403 0.454049 0.079139 0.042599
3 0.272250 0.460182 0.085352 0.052125
3 0.545037 0.396219 0.053259 0.032385
6 0.604611 0.311997 0.037722 0.024432
7 0.605093 0.311883 0.038648 0.024609
3 0.983282 0.329430 0.016565 0.013943
3 0.984495 0.770201 0.030509 0.062047
5 0.621097 0.341091 0.043546 0.029547
5 0.356032 0.404211 0.078620 0.057797
1 0.377694 0.454255 0.049481 0.021687
1 0.289074 0.549922 0.135167 0.075583
1 0.627829 0.416917 0.046269 0.035844
7 0.565282 0.298154 0.027343 0.016318
1 0.436134 0.422651 0.062028 0.044760
