5 0.435824 0.338576 0.039685 0.028078
7 0.646773 0.428279 0.129102 0.131057
1 0.327019 0.639367 0.116741 0.087578
5 0.444352 0.420208 0.098185 0.064333
5 0.552759 0.336672 0.038296 0.021750
3 0.669356 0.571672 0.122898 0.145938
7 0.623060 0.300154 0.033694 0.029578
7 0.679204 0.336607 0.040611 0.025411
3 0.662468 0.319984 0.034787 0.022302
3 0.977620 0.317294 0.035074 0.026484
3 0.718606 0.400878 0.058565 0.034641
0 0.158977 0.976836 0.103139 0.045818
6 0.651958 0.297401 0.030731 0.020062
3 0.420171 0.382659 0.051306 0.018859
3 0.929866 0.308320 0.031565 0.012182
1 0.205907 0.629424 0.086759 0.050786
7 0.711444 0.390732 0.075111 0.055224
3 0.395051 0.410091 0.061528 0.039016
3 0.568144 0.404753 0.060861 0.038099
1 0.270792 0.497161 0.075028 0.057052
