3 0.545343 0.554977 0.081000 0.069995
3 0.573185 0.509185 0.063278 0.046224
3 0.659481 0.501245 0.069352 0.049260
3 0.424778 0.515823 0.063611 0.038063
3 0.746556 0.512422 0.057463 0.034635
3 0.501699 0.614034 0.120639 0.078526
0 0.172829 0.667375 0.085917 0.043198
7 0.639282 0.657255 0.212806 0.170333
3 0.335583 0.801440 0.182444 0.125776
1 0.971431 0.666505 0.057065 0.068292
5 0.464847 0.447555 0.041435 0.027224
4 0.651593 0.533742 0.062370 0.042453
1 0.313727 0.595227 0.077843 0.054974
7 0.705088 0.452232 0.040398 0.030432
3 0.907731 0.411482 0.018463 0.009339
3 0.501412 0.502383 0.042157 0.031297
3 0.448787 0.496289 0.052981 0.034693
3 0.620759 0.436344 0.031648 0.014250
1 0.451231 0.541518 0.057352 0.036057
7 0.715963 0.565081 0.099481 0.080609
3 0.420176 0.583039 0.080648 0.053839
7 0.739514 0.502292 0.071583 0.054385
1 0.383130 0.548180 0.053759 0.040547
1 0.349000 0.641479 0.095833 0.065354
7 0.676153 0.410646 0.028380 0.019063
