2 0.497537 0.476135 0.059111 0.035115
7 0.729722 0.456857 0.072574 0.056036
1 0.404435 0.546526 0.064574 0.051875
1 0.651259 0.414435 0.026704 0.020536
7 0.683093 0.386534 0.035111 0.022661
1 0.334162 0.581089 0.069917 0.054854
7 0.612708 0.366443 0.029120 0.022094
1 0.531528 0.438638 0.033611 0.024891
3 0.418069 0.471797 0.064509 0.039333
3 0.929347 0.379065 0.038120 0.014589
3 0.566356 0.371596 0.018231 0.008995
3 0.574569 0.390552 0.022306 0.014635
3 0.442111 0.453070 0.057000 0.033276
1 0.286444 0.556503 0.065778 0.056932
1 0.549282 0.419245 0.027954 0.020000
7 0.673199 0.363836 0.026065 0.020464
1 0.483875 0.546107 0.067472 0.053036
5 0.459019 0.402227 0.040000 0.027474
7 0.700134 0.405031 0.040046 0.031740
1 0.496245 0.422031 0.027917 0.021792
