1 0.772519 0.580495 0.057722 0.046792
1 0.972005 0.686005 0.055990 0.066510
5 0.609782 0.482518 0.046639 0.032568
1 0.387847 0.563018 0.057435 0.041766
5 0.535440 0.575826 0.079306 0.056557
5 0.469574 0.463336 0.037796 0.026807
1 0.717954 0.858805 0.257815 0.129984
3 0.529097 0.506018 0.033194 0.028776
3 0.945046 0.425995 0.016463 0.009573
6 0.564796 0.545487 0.062389 0.061380
6 0.682380 0.428008 0.028074 0.018047
6 0.745509 0.520427 0.068352 0.054854
3 0.454574 0.511919 0.052704 0.032276
7 0.745722 0.520414 0.067556 0.055026
7 0.650755 0.582917 0.114769 0.083635
6 0.666032 0.458836 0.036343 0.024495
0 0.023778 0.711596 0.046167 0.038849
3 0.634792 0.428482 0.021917 0.012734
3 0.473435 0.546073 0.055944 0.035646
3 0.429417 0.531203 0.060926 0.036635
6 0.711718 0.469318 0.038213 0.029771
0 0.251144 0.749625 0.121898 0.037688
3 0.460431 0.601659 0.084194 0.048672
