1 0.454750 0.447086 0.037963 0.034286
2 0.276324 0.905362 0.221074 0.187307
4 0.591806 0.486279 0.080019 0.050516
4 0.490880 0.473031 0.069333 0.037729
7 0.565847 0.374990 0.043806 0.025948
7 0.350449 0.544680 0.104639 0.060599
7 0.599093 0.672508 0.256407 0.277568
4 0.705667 0.571755 0.078926 0.076615
1 0.654870 0.515622 0.063944 0.041130
5 0.425782 0.379573 0.040213 0.026813
1 0.045213 0.865409 0.089185 0.139193
1 0.253468 0.535875 0.076639 0.060312
1 0.331972 0.622687 0.107796 0.075552
7 0.601185 0.350836 0.031963 0.021703
7 0.641907 0.342573 0.029185 0.018677
3 0.528412 0.544003 0.081676 0.060453
3 0.383958 0.449896 0.064380 0.039354
7 0.697301 0.435979 0.073472 0.055562
3 0.610306 0.395208 0.034278 0.022313
3 0.988491 0.352193 0.022222 0.020313
3 0.407495 0.429896 0.056769 0.033344
0 0.408810 0.501878 0.028639 0.026057
3 0.534106 0.349206 0.019009 0.009536
