5 0.609519 0.443594 0.085537 0.077562
7 0.711463 0.440042 0.086093 0.072250
7 0.628310 0.317667 0.036065 0.024542
7 0.435042 0.418055 0.139713 0.134568
5 0.343273 0.369854 0.054454 0.036115
4 0.566745 0.569445 0.128935 0.087099
3 0.935639 0.306466 0.025574 0.012505
3 0.960644 0.308643 0.027361 0.013141
3 0.505505 0.357471 0.025231 0.019078
3 0.853676 0.303201 0.016537 0.010036
3 0.605838 0.360034 0.046213 0.020641
3 0.292236 0.463708 0.086417 0.051958
3 0.585528 0.348128 0.032500 0.020005
3 0.323338 0.438159 0.072065 0.043818
6 0.666847 0.372885 0.049898 0.041198
3 0.600523 0.372620 0.047287 0.020240
5 0.644690 0.345797 0.039972 0.026250
4 0.591963 0.329906 0.028685 0.014490
