3 0.472880 0.358682 0.026111 0.011656
3 0.334468 0.520477 0.072509 0.052672
3 0.276500 0.491969 0.082519 0.050875
7 0.115843 0.721255 0.229148 0.096948
3 0.476810 0.510643 0.101769 0.081568
3 0.819944 0.813763 0.360111 0.130630
7 0.563338 0.429812 0.098380 0.091990
7 0.697884 0.469357 0.086472 0.071516
6 0.331384 0.399172 0.055491 0.036271
3 0.418898 0.439674 0.042241 0.031391
6 0.553963 0.349716 0.036722 0.028099
7 0.651097 0.529263 0.081102 0.059755
3 0.569324 0.368253 0.031315 0.016599
6 0.616236 0.348714 0.039991 0.027792
3 0.909319 0.360440 0.039917 0.014328
7 0.109676 0.609786 0.098426 0.071500
6 0.956500 0.364664 0.058444 0.032745
3 0.309079 0.467193 0.078120 0.043052
6 0.649361 0.412411 0.077889 0.049885
3 0.631616 0.375323 0.042491 0.026031
3 0.521190 0.379708 0.037491 0.017094
7 0.649921 0.412281 0.077306 0.050146
