1 0.403801 0.554034 0.059250 0.039859
5 0.482667 0.453523 0.040852 0.027380
4 0.689190 0.805789 0.186657 0.157891
5 0.701875 0.670719 0.148546 0.130875
4 0.669546 0.518951 0.066852 0.036911
5 0.407792 0.694779 0.186213 0.143234
3 0.756926 0.507674 0.073759 0.056141
3 0.648644 0.420320 0.020065 0.008443
3 0.334449 0.603964 0.078898 0.055813
3 0.467435 0.504125 0.053667 0.031000
7 0.756852 0.507797 0.073815 0.056188
0 0.339370 0.639844 0.045778 0.045198
3 0.963519 0.428812 0.023500 0.013771
3 0.570500 0.475979 0.030148 0.022917
6 0.301588 0.895862 0.360361 0.206901
6 0.724153 0.456622 0.040269 0.030255
3 0.303194 0.895628 0.358148 0.207453
3 0.662083 0.559875 0.050259 0.042646
3 0.700694 0.584370 0.102870 0.067865
3 0.445093 0.521997 0.062722 0.037786
0 0.954032 0.894852 0.082583 0.085484
3 0.511741 0.549672 0.074741 0.044219
3 0.540227 0.513482 0.057231 0.031109
7 0.694185 0.415531 0.026019 0.018177
1 0.026102 0.975604 0.050889 0.048344
1 0.982292 0.669526 0.034843 0.061052
5 0.705907 0.437279 0.033444 0.022245
1 0.334556 0.603789 0.078167 0.055755
2 0.255222 0.705299 0.158296 0.092349
7 0.531315 0.607141 0.122833 0.085938
