5 0.332588 0.373091 0.041065 0.028922
3 0.358361 0.670141 0.308778 0.074188
3 0.589662 0.523427 0.089343 0.060667
3 0.339509 0.526620 0.098852 0.061729
0 0.393560 0.788805 0.177787 0.072474
3 0.286847 0.442026 0.065306 0.038969
3 0.518130 0.416656 0.050685 0.030438
3 0.398440 0.420182 0.048009 0.031615
3 0.420611 0.456271 0.058667 0.031073
7 0.601361 0.437234 0.071685 0.054208
3 0.056310 0.623966 0.111602 0.077974
3 0.592000 0.929570 0.700407 0.140130
3 0.925352 0.379359 0.029056 0.018406
3 0.517259 0.373188 0.032000 0.017396
7 0.853005 0.609055 0.140880 0.076016
3 0.965731 0.606750 0.068537 0.063677
3 0.312736 0.423208 0.054065 0.035229
3 0.490333 0.343214 0.019056 0.009031
3 0.442324 0.345911 0.019630 0.009490
7 0.939102 0.677224 0.121130 0.076312
7 0.550727 0.342086 0.028176 0.018464
1 0.861523 0.756076 0.095361 0.070078
1 0.151218 0.525281 0.078435 0.060823
2 0.295699 0.492521 0.089454 0.054375
1 0.060042 0.561745 0.120083 0.057646
1 0.626389 0.495591 0.052204 0.043370
1 0.056097 0.624427 0.111509 0.077833
1 0.207852 0.494852 0.068926 0.049536
4 0.438338 0.395411 0.043917 0.023281
1 0.853708 0.609109 0.142009 0.076365
4 0.586676 0.929594 0.691019 0.139958
1 0.425903 0.487211 0.054639 0.046266
