3 0.619685 0.355063 0.027926 0.015948
1 0.438801 0.452120 0.053935 0.032146
7 0.572940 0.409484 0.074231 0.071104
5 0.432736 0.361146 0.040861 0.027885
1 0.625847 0.512589 0.065435 0.053938
1 0.260736 0.518505 0.076250 0.058792
1 0.602796 0.479383 0.062833 0.043453
7 0.674014 0.365789 0.039491 0.031339
2 0.423319 0.476068 0.060546 0.059583
7 0.703750 0.418013 0.071778 0.055943
1 0.457231 0.505734 0.064444 0.051875
1 0.375264 0.507852 0.061361 0.053391
5 0.659454 0.346065 0.032963 0.022297
1 0.505380 0.410594 0.037185 0.027510
1 0.556949 0.495352 0.057454 0.047141
3 0.479375 0.425758 0.059454 0.032099
3 0.390468 0.431164 0.063324 0.037578
3 0.992713 0.333930 0.013389 0.015766
