5 0.341509 0.376698 0.055704 0.036156
1 0.431606 0.473674 0.059472 0.043328
7 0.627167 0.324581 0.038796 0.025297
5 0.052208 0.654159 0.102917 0.109568
7 0.595949 0.530271 0.195046 0.208323
5 0.526759 0.392102 0.070889 0.039005
7 0.511435 0.355747 0.083463 0.062953
5 0.588880 0.345573 0.039204 0.029479
5 0.641648 0.354104 0.041667 0.029417
3 0.454134 0.760901 0.208898 0.151438
3 0.288884 0.469823 0.085343 0.052031
3 0.308671 0.573378 0.124824 0.076557
7 0.708861 0.446714 0.086500 0.072656
3 0.320986 0.441458 0.074231 0.036937
3 0.603523 0.432638 0.098361 0.045245
6 0.662736 0.379763 0.054787 0.038203
3 0.907894 0.318010 0.022639 0.013104
3 0.958375 0.315896 0.024917 0.014219
7 0.526801 0.391974 0.071009 0.039583
1 0.423231 0.520875 0.081907 0.058323
