5 0.424764 0.364438 0.040213 0.027865
7 0.697347 0.418359 0.073065 0.054667
6 0.789542 0.313146 0.025602 0.014604
3 0.651218 0.347219 0.033898 0.020021
3 0.989176 0.331648 0.020574 0.021568
3 0.364981 0.508003 0.102000 0.076620
3 0.881301 0.322659 0.016509 0.008932
3 0.532023 0.333852 0.018361 0.008547
3 0.566495 0.343974 0.021028 0.010875
3 0.405856 0.415513 0.060676 0.034328
3 0.847190 0.323615 0.016843 0.007990
3 0.385731 0.435505 0.064426 0.039479
3 0.967634 0.344268 0.036824 0.016526
1 0.255287 0.519521 0.074019 0.053833
7 0.637824 0.325359 0.033056 0.019677
7 0.697847 0.418242 0.072435 0.054786
7 0.601782 0.352953 0.045509 0.037292
5 0.364468 0.507956 0.102435 0.076182
7 0.672199 0.365177 0.051231 0.028094
