5 0.336486 0.361789 0.040324 0.027953
7 0.552681 0.322117 0.027639 0.019224
7 0.909301 0.329172 0.053306 0.023667
0 0.351870 0.563904 0.034889 0.037464
3 0.908926 0.329052 0.052000 0.022656
3 0.763500 0.327539 0.027204 0.009224
3 0.976671 0.360047 0.041954 0.018260
7 0.610269 0.406302 0.071278 0.037500
3 0.862856 0.347841 0.020602 0.018734
3 0.321713 0.412646 0.055741 0.032938
3 0.297301 0.432401 0.065157 0.039177
0 0.966287 0.571687 0.067426 0.067156
3 0.912773 0.359617 0.046324 0.016443
3 0.618148 0.426159 0.059611 0.034422
3 0.370431 0.449497 0.064306 0.036922
5 0.563815 0.343990 0.031815 0.020698
1 0.167644 0.518997 0.076509 0.056307
7 0.517931 0.373953 0.057102 0.051667
