1 0.086454 0.883115 0.171815 0.138083
7 0.608356 0.409776 0.028398 0.018323
1 0.903708 0.839477 0.192583 0.155172
7 0.492477 0.449122 0.038546 0.031453
7 0.671306 0.511185 0.058185 0.032349
1 0.293056 0.575974 0.066907 0.043823
1 0.457417 0.515068 0.045630 0.032427
1 0.927620 0.659802 0.136926 0.061938
1 0.218579 0.603021 0.074065 0.059563
2 0.410222 0.525635 0.057611 0.045958
5 0.641949 0.451094 0.052157 0.029625
3 0.577565 0.431667 0.024111 0.012167
7 0.964514 0.417945 0.048750 0.022620
7 0.373472 0.494870 0.060370 0.031021
3 0.980051 0.425294 0.024787 0.011891
3 0.922343 0.435742 0.030667 0.017328
3 0.599292 0.445263 0.032287 0.017911
7 0.663769 0.501026 0.073667 0.053958
3 0.352097 0.516794 0.064546 0.039203
3 0.609241 0.573927 0.078352 0.048031
5 0.394301 0.446982 0.041046 0.026870
3 0.551852 0.497620 0.048093 0.026896
1 0.902995 0.760505 0.192250 0.063448
