2 0.766977 0.668922 0.118009 0.096865
3 0.331708 0.524305 0.084583 0.052359
3 0.437838 0.596492 0.105657 0.070661
7 0.751060 0.500563 0.088454 0.073250
3 0.454556 0.522034 0.075611 0.043964
0 0.233556 0.692073 0.059222 0.047958
3 0.364162 0.498630 0.073435 0.044510
6 0.574579 0.361044 0.024083 0.014401
3 0.948287 0.389867 0.026407 0.015932
1 0.466694 0.486260 0.045241 0.027938
7 0.544907 0.473760 0.116037 0.082448
1 0.131963 0.682214 0.111778 0.087802
5 0.538417 0.649242 0.147796 0.135703
2 0.280769 0.608052 0.088833 0.048542
5 0.682537 0.407805 0.043963 0.030401
6 0.671366 0.378276 0.043009 0.027490
4 0.595912 0.421013 0.036861 0.027453
5 0.128032 0.829250 0.254361 0.153823
4 0.413134 0.560625 0.107028 0.064021
7 0.620722 0.394878 0.053537 0.038193
7 0.628444 0.548349 0.178722 0.174219
1 0.293940 0.637878 0.092565 0.068245
1 0.394838 0.643641 0.091176 0.082094
5 0.384384 0.431375 0.055194 0.035875
3 0.986398 0.394945 0.026722 0.016464
3 0.522750 0.493956 0.069741 0.039401
7 0.537815 0.649508 0.149463 0.135839
0 0.281106 0.670599 0.027435 0.022823
7 0.654625 0.471227 0.101009 0.059349
7 0.364370 0.497656 0.074370 0.046667
6 0.626356 0.365883 0.024454 0.013141
6 0.576685 0.395375 0.031352 0.022031
