6 0.659144 0.393969 0.033935 0.021948
1 0.436542 0.490990 0.049491 0.035875
2 0.725894 0.822026 0.160083 0.182396
5 0.658699 0.394190 0.033676 0.021797
1 0.954023 0.631698 0.091954 0.075594
7 0.676398 0.413500 0.038907 0.030792
3 0.394806 0.477453 0.061074 0.039104
1 0.281472 0.555406 0.072130 0.055240
7 0.647185 0.371146 0.027111 0.018708
6 0.708282 0.463951 0.072157 0.054328
3 0.645593 0.471036 0.054667 0.045302
3 0.898310 0.384305 0.031750 0.015224
3 0.859852 0.368331 0.019111 0.014609
4 0.671745 0.593302 0.110917 0.075323
1 0.418856 0.538461 0.064398 0.046203
5 0.435194 0.408229 0.039426 0.027135
1 0.737986 0.523398 0.058509 0.045609
3 0.457829 0.692323 0.157972 0.115698
3 0.399338 0.905859 0.230472 0.187833
0 0.170273 0.728833 0.079287 0.063479
3 0.540731 0.378625 0.017926 0.008583
7 0.708477 0.463977 0.071861 0.054255
3 0.420287 0.455703 0.053111 0.031688
0 0.981514 0.739044 0.036028 0.043859
