3 0.451162 0.595706 0.083824 0.048995
3 0.417116 0.529820 0.063065 0.039005
3 0.605389 0.453794 0.032852 0.016443
6 0.667468 0.423758 0.028565 0.018203
7 0.633356 0.562573 0.124324 0.091990
7 0.320338 0.750940 0.387694 0.095328
7 0.695912 0.465096 0.039046 0.030328
1 0.762028 0.574799 0.053204 0.045839
7 0.729310 0.515818 0.072639 0.055031
1 0.965315 0.683875 0.069370 0.075885
5 0.455551 0.460380 0.039639 0.026583
7 0.304343 0.607922 0.077444 0.056594
3 0.546315 0.479833 0.035852 0.021042
3 0.624241 0.433073 0.023611 0.013958
3 0.440838 0.504193 0.051213 0.026448
3 0.560310 0.513560 0.057213 0.045870
3 0.561745 0.430547 0.017194 0.008604
5 0.524537 0.547133 0.070407 0.047474
1 0.469662 0.531047 0.044046 0.033479
0 0.338065 0.649799 0.099204 0.070786
4 0.319981 0.750776 0.387037 0.096125
5 0.678782 0.445521 0.031398 0.022687
1 0.304014 0.607896 0.076935 0.056458
