0 0.205319 0.960148 0.105806 0.079109
5 0.346231 0.366693 0.056426 0.036490
1 0.623153 0.400039 0.041935 0.033109
5 0.382611 0.404813 0.075222 0.058750
3 0.982306 0.324229 0.023704 0.011792
3 0.493074 0.369667 0.035815 0.013948
3 0.591958 0.340008 0.025083 0.018516
3 0.576671 0.320464 0.023769 0.010844
3 0.961176 0.330880 0.025389 0.019042
3 0.544583 0.330161 0.027648 0.012667
0 0.942477 0.549242 0.062176 0.028016
3 0.986162 0.340076 0.027250 0.019432
3 0.586727 0.354810 0.039602 0.016693
7 0.714903 0.437674 0.086380 0.073391
3 0.326796 0.434188 0.074056 0.044437
3 0.292782 0.458977 0.082306 0.049714
3 0.602880 0.496982 0.095333 0.061526
3 0.627931 0.441385 0.066620 0.040615
3 0.658208 0.591857 0.130028 0.077089
2 0.336421 0.502466 0.102250 0.078026
7 0.633134 0.314477 0.039306 0.025641
5 0.647051 0.343995 0.043009 0.028833
1 0.383588 0.469698 0.070824 0.047625
1 0.110597 0.682424 0.145546 0.099255
4 0.469319 0.431357 0.076806 0.038453
1 0.551796 0.361221 0.028407 0.023234
5 0.497852 0.352396 0.049370 0.026500
1 0.428366 0.398708 0.042306 0.027469
1 0.284856 0.636971 0.118194 0.092849
