3 0.584028 0.342198 0.031611 0.018104
3 0.538579 0.330234 0.019954 0.012510
3 0.489560 0.329833 0.025176 0.012417
3 0.994625 0.321586 0.010398 0.016224
3 0.071949 0.741719 0.143231 0.108792
6 0.631907 0.317659 0.039296 0.025964
3 0.618231 0.439940 0.070315 0.040484
3 0.330972 0.441177 0.073778 0.043469
3 0.406537 0.419747 0.039926 0.032266
7 0.715028 0.439365 0.097611 0.074042
3 0.300449 0.467068 0.082880 0.051427
0 0.406514 0.651964 0.029102 0.023677
1 0.709500 0.570464 0.092463 0.079958
5 0.348699 0.373073 0.054528 0.036750
3 0.700060 0.807516 0.227620 0.197208
1 0.212398 0.543594 0.108500 0.060292
5 0.126935 0.633044 0.252111 0.133870
7 0.672333 0.370180 0.046593 0.037526
1 0.362616 0.494839 0.066787 0.054302
1 0.419097 0.612294 0.115194 0.087016
1 0.394023 0.517654 0.084028 0.056151
1 0.071903 0.741997 0.142806 0.108245
5 0.647718 0.345281 0.039509 0.025167
3 0.626514 0.471560 0.080806 0.044505
3 0.085847 0.863260 0.168417 0.132552
3 0.456412 0.460081 0.070880 0.039203
4 0.496051 0.374419 0.043194 0.026016
