3 0.452801 0.643508 0.138972 0.095536
3 0.373389 0.455867 0.065037 0.038995
3 0.449542 0.458893 0.057435 0.033036
3 0.386894 0.543010 0.094917 0.058438
3 0.747894 0.780445 0.198417 0.158495
1 0.450426 0.406023 0.028315 0.020755
1 0.373690 0.495719 0.057028 0.040594
5 0.411491 0.385495 0.040815 0.027542
1 0.247116 0.542867 0.075657 0.059286
2 0.633167 0.490315 0.064611 0.040901
1 0.050444 0.616917 0.100074 0.064896
5 0.636190 0.367904 0.032935 0.022932
7 0.624866 0.345539 0.029009 0.019203
7 0.653097 0.386461 0.038824 0.029964
1 0.619981 0.453401 0.045148 0.026688
2 0.679352 0.541763 0.086667 0.070474
5 0.577986 0.362479 0.025528 0.017344
1 0.513644 0.404549 0.029657 0.019141
6 0.780245 0.334214 0.034731 0.019313
3 0.887722 0.345622 0.019611 0.011224
0 0.597787 0.399086 0.017981 0.016411
3 0.613597 0.431898 0.051417 0.034807
3 0.395769 0.435107 0.057407 0.034703
6 0.684875 0.437289 0.071509 0.055318
7 0.684801 0.437318 0.071102 0.055333
3 0.866042 0.352188 0.032528 0.014437
3 0.518241 0.353932 0.019167 0.008646
0 0.411398 0.590333 0.043630 0.039875
3 0.513667 0.480862 0.068852 0.055776
3 0.494060 0.438750 0.052157 0.034615
