3 0.663611 0.445854 0.116778 0.077187
3 0.442389 0.425018 0.080685 0.044630
3 0.322903 0.446568 0.082287 0.050438
3 0.643931 0.495919 0.098898 0.063391
2 0.716593 0.541802 0.107648 0.093156
5 0.079653 0.723367 0.157972 0.139193
7 0.693963 0.362953 0.077926 0.052677
5 0.511611 0.701432 0.580407 0.157479
4 0.336935 0.560193 0.141130 0.092042
5 0.373907 0.352966 0.054611 0.035703
5 0.396218 0.474232 0.112324 0.077234
4 0.520796 0.551195 0.128370 0.079682
7 0.608657 0.315807 0.043833 0.032615
1 0.275847 0.526745 0.062435 0.044667
2 0.382556 0.515430 0.094796 0.058151
1 0.163824 0.563354 0.102019 0.070240
5 0.521694 0.481367 0.143407 0.102318
6 0.765995 0.290482 0.034361 0.018839
7 0.659287 0.298432 0.041407 0.025750
0 0.970148 0.531378 0.058648 0.029099
7 0.079671 0.723466 0.158602 0.139849
3 0.577704 0.334654 0.030093 0.021682
3 0.934477 0.278943 0.024861 0.011292
3 0.748880 0.435206 0.075889 0.045380
3 0.674037 0.326474 0.043407 0.026417
3 0.165634 0.563685 0.105991 0.070807
7 0.743699 0.421544 0.087102 0.074193
6 0.659361 0.298380 0.040407 0.026260
3 0.534602 0.336245 0.024889 0.017833
6 0.603417 0.286026 0.041426 0.022552
3 0.354000 0.421943 0.073037 0.042865
7 0.716625 0.537576 0.108657 0.101036
