6 0.679602 0.386880 0.040574 0.031427
0 0.587741 0.471880 0.025852 0.021104
6 0.653097 0.344716 0.028046 0.019297
3 0.902431 0.355784 0.029250 0.017016
3 0.509718 0.435078 0.037028 0.028792
7 0.459903 0.527794 0.136231 0.081297
3 0.620866 0.348898 0.019157 0.011932
7 0.949042 0.600294 0.101916 0.065839
3 0.937157 0.360740 0.019241 0.013510
7 0.706856 0.428661 0.070491 0.036427
3 0.988796 0.365469 0.022333 0.014844
3 0.392681 0.451159 0.059028 0.038391
3 0.474176 0.447687 0.046074 0.029052
3 0.638440 0.447719 0.039880 0.022667
3 0.613241 0.414336 0.045315 0.027349
7 0.433944 0.478333 0.081648 0.069802
3 0.336829 0.571299 0.180694 0.091589
6 0.567713 0.424628 0.059815 0.048255
3 0.713546 0.448815 0.059074 0.032964
3 0.405861 0.904690 0.234056 0.190328
0 0.926583 0.654010 0.125204 0.049333
3 0.335171 0.508375 0.067676 0.040104
3 0.523065 0.473427 0.064222 0.035208
3 0.664755 0.546625 0.105435 0.071677
3 0.643028 0.475792 0.065759 0.037010
3 0.717611 0.799430 0.186833 0.155630
5 0.661648 0.366880 0.035019 0.021344
1 0.259898 0.537378 0.070278 0.061234
5 0.460421 0.527635 0.136120 0.081448
1 0.191634 0.761974 0.171269 0.125177
1 0.150403 0.619659 0.124194 0.079922
5 0.436505 0.381581 0.041287 0.026995
1 0.949273 0.600292 0.101454 0.065031
