7 0.644079 0.401125 0.038731 0.030531
7 0.617481 0.359063 0.028759 0.018687
5 0.638468 0.569151 0.107972 0.091646
1 0.931875 0.616924 0.135750 0.075120
3 0.603139 0.494690 0.077370 0.049964
3 0.360181 0.465854 0.064731 0.038990
3 0.579532 0.467083 0.063361 0.029125
3 0.538199 0.442073 0.047343 0.025354
3 0.327389 0.564951 0.126167 0.064453
3 0.678921 0.461560 0.059380 0.033380
3 0.931917 0.617031 0.135815 0.075479
3 0.891111 0.370292 0.030926 0.014104
3 0.383676 0.445815 0.057630 0.034953
3 0.588009 0.378995 0.025093 0.012125
3 0.853088 0.383510 0.034694 0.016063
3 0.594190 0.351781 0.017565 0.008094
3 0.954245 0.375471 0.033509 0.018984
3 0.557713 0.371578 0.021259 0.009740
3 0.509769 0.366065 0.020185 0.009380
5 0.465315 0.477570 0.084852 0.059182
1 0.598347 0.442065 0.034694 0.027182
1 0.941000 0.686466 0.114815 0.052349
5 0.625546 0.381677 0.033519 0.020469
1 0.299046 0.525911 0.063481 0.045292
5 0.402454 0.396164 0.039907 0.027005
1 0.228815 0.550581 0.075241 0.057005
