3 0.760060 0.444057 0.074898 0.045083
3 0.649648 0.345914 0.042574 0.018714
3 0.368269 0.421086 0.072148 0.038922
0 0.096023 0.681904 0.063435 0.055161
3 0.602375 0.345339 0.036009 0.016885
7 0.756935 0.430560 0.083963 0.070984
3 0.333444 0.447562 0.083759 0.051573
7 0.177917 0.883138 0.352870 0.232047
5 0.417194 0.393875 0.088889 0.058365
1 0.278259 0.552021 0.093944 0.073354
4 0.536838 0.315865 0.025824 0.012146
1 0.205292 0.524630 0.084620 0.066917
5 0.534213 0.470221 0.114093 0.094786
5 0.676106 0.456656 0.105861 0.080229
5 0.691880 0.335786 0.043130 0.028219
0 0.385681 0.462714 0.054102 0.046437
4 0.665278 0.365872 0.047704 0.026203
7 0.679602 0.307133 0.039537 0.024693
1 0.397380 0.531646 0.088296 0.065875
5 0.557662 0.356805 0.058676 0.034141
0 0.520699 0.774620 0.143454 0.128896
1 0.280042 0.549365 0.097713 0.069719
5 0.697787 0.507414 0.110648 0.085401
5 0.390713 0.357135 0.055667 0.039313
4 0.468551 0.686221 0.183880 0.127984
4 0.716935 0.618151 0.161111 0.105948
3 0.631616 0.336810 0.036509 0.018286
3 0.952241 0.294844 0.026759 0.011750
