3 0.622505 0.430203 0.088324 0.050760
3 0.451519 0.403039 0.079852 0.049828
0 0.935667 0.579388 0.126611 0.052068
6 0.360875 0.300549 0.056306 0.041161
3 0.933005 0.251276 0.028213 0.014229
1 0.437625 0.267948 0.052176 0.026500
5 0.391171 0.337211 0.079750 0.058932
7 0.537069 0.282641 0.048639 0.030948
7 0.649593 0.247331 0.039704 0.026109
1 0.183606 0.468294 0.096491 0.063828
1 0.135389 0.499768 0.100667 0.068036
4 0.564644 0.557568 0.166083 0.109240
4 0.619898 0.386458 0.084926 0.048167
4 0.092472 0.912807 0.182815 0.173604
3 0.338963 0.366937 0.074000 0.045208
3 0.958269 0.263562 0.041130 0.018896
6 0.585491 0.240021 0.024481 0.013927
3 0.664556 0.277086 0.043519 0.029359
3 0.606949 0.251060 0.025917 0.011161
6 0.664444 0.276826 0.043204 0.029234
3 0.972653 0.388372 0.053509 0.033109
7 0.536958 0.282625 0.049213 0.030677
7 0.599269 0.300969 0.071537 0.059292
3 0.506380 0.256742 0.023148 0.012234
7 0.392463 0.337076 0.077389 0.058026
7 0.729926 0.372219 0.084648 0.073271
3 0.306204 0.391932 0.086278 0.051979
