6 0.596935 0.312576 0.028204 0.017349
6 0.369968 0.483005 0.065306 0.051771
0 0.285056 0.541862 0.058944 0.032932
3 0.486343 0.383997 0.032130 0.025276
7 0.883528 0.683266 0.232463 0.153042
0 0.624120 0.437060 0.023241 0.022578
3 0.546208 0.412141 0.062435 0.037469
3 0.664935 0.452557 0.073167 0.043448
3 0.451056 0.468680 0.057148 0.048880
3 0.156597 0.895138 0.226194 0.195526
6 0.416185 0.346273 0.041648 0.027172
7 0.687000 0.403039 0.072037 0.054297
3 0.620194 0.407727 0.056500 0.033297
3 0.499824 0.490557 0.068944 0.052385
3 0.373074 0.415383 0.062222 0.037766
6 0.633509 0.308898 0.029315 0.019089
3 0.537218 0.381810 0.042435 0.021005
3 0.465241 0.414479 0.059463 0.048490
3 0.602532 0.359560 0.032102 0.018349
3 0.296176 0.480148 0.068315 0.046526
6 0.408250 0.439971 0.044870 0.038974
7 0.859440 0.604641 0.280713 0.080229
6 0.663190 0.351456 0.046398 0.031339
3 0.525278 0.315359 0.017407 0.009010
