3 0.555852 0.406839 0.024148 0.012583
0 0.345426 0.617193 0.034685 0.032698
6 0.697079 0.395437 0.038917 0.024990
6 0.653778 0.393768 0.030722 0.019776
3 0.393102 0.515263 0.070204 0.041516
7 0.782690 0.516773 0.089731 0.072661
3 0.473412 0.554023 0.078528 0.042911
3 0.362403 0.540823 0.087491 0.050958
3 0.443375 0.579685 0.108972 0.064745
2 0.475435 0.493870 0.050296 0.045771
5 0.713866 0.424443 0.041028 0.027802
1 0.451852 0.531031 0.053611 0.033500
1 0.307597 0.637943 0.075546 0.064031
5 0.414102 0.448089 0.055056 0.036437
7 0.651968 0.672560 0.272954 0.305651
7 0.655218 0.447958 0.079806 0.057677
3 0.714000 0.424419 0.040815 0.027672
6 0.550468 0.495346 0.113046 0.070734
3 0.551481 0.452083 0.062685 0.017188
7 0.550366 0.506576 0.113602 0.092964
3 0.543875 0.525018 0.095120 0.052193
7 0.675403 0.500570 0.091880 0.051693
