3 0.597532 0.278396 0.028009 0.013385
5 0.500620 0.378617 0.080407 0.053391
5 0.702310 0.302091 0.044324 0.030068
5 0.399833 0.319112 0.055241 0.036214
1 0.179912 0.509549 0.108231 0.072474
7 0.655144 0.412385 0.111602 0.066240
1 0.579227 0.367224 0.053231 0.040719
3 0.375514 0.385927 0.068361 0.044219
7 0.648208 0.379060 0.128435 0.069953
3 0.134838 0.780096 0.267102 0.168359
7 0.434199 0.504831 0.225417 0.185786
3 0.340579 0.411487 0.084287 0.051547
7 0.674060 0.508391 0.174843 0.129802
7 0.765542 0.396828 0.084287 0.073010
3 0.359708 0.449771 0.091343 0.082865
6 0.690639 0.271560 0.037778 0.025297
3 0.648657 0.301107 0.034778 0.019109
6 0.481005 0.288391 0.057417 0.022208
3 0.375338 0.386406 0.069565 0.044781
3 0.556796 0.302221 0.033426 0.019568
3 0.977676 0.283313 0.039222 0.021729
5 0.605829 0.305630 0.055065 0.035969
3 0.545824 0.279849 0.025037 0.012573
7 0.360454 0.449583 0.091611 0.081875
