6 0.420134 0.549406 0.064009 0.062271
3 0.411560 0.486427 0.054787 0.034740
5 0.430273 0.436698 0.039528 0.026156
1 0.254389 0.589682 0.075352 0.060062
1 0.419722 0.549396 0.063259 0.062385
1 0.518662 0.477341 0.034472 0.024036
5 0.653843 0.424383 0.031778 0.022224
4 0.613819 0.428672 0.028583 0.015083
1 0.369407 0.579836 0.064222 0.052578
1 0.628435 0.560927 0.059963 0.046656
7 0.646708 0.402318 0.028472 0.018500
1 0.450519 0.578409 0.063778 0.048724
7 0.672042 0.443542 0.036787 0.031490
7 0.576769 0.429240 0.041981 0.035396
1 0.507625 0.536240 0.058713 0.040646
3 0.666310 0.754875 0.335120 0.086833
3 0.387134 0.505180 0.065898 0.038328
0 0.957769 0.714216 0.084019 0.061849
7 0.698681 0.495180 0.072435 0.055057
3 0.861958 0.402208 0.015824 0.007844
3 0.703343 0.505430 0.063704 0.033714
