6 0.632611 0.432318 0.043352 0.033865
3 0.581921 0.398398 0.025991 0.012995
3 0.570556 0.435070 0.030611 0.021661
3 0.398403 0.478190 0.058398 0.039297
6 0.712981 0.462661 0.074722 0.054063
0 0.324861 0.594589 0.089111 0.063167
5 0.438315 0.408521 0.041148 0.026708
7 0.693130 0.525779 0.141593 0.110224
7 0.474468 0.506227 0.137157 0.105849
3 0.636032 0.465971 0.056694 0.033057
4 0.668171 0.764143 0.188676 0.157161
7 0.681065 0.412336 0.040426 0.029776
5 0.662417 0.392862 0.034463 0.022182
0 0.565519 0.461919 0.021444 0.025724
3 0.553597 0.381477 0.021028 0.011432
6 0.652111 0.371810 0.027907 0.021359
7 0.532782 0.438089 0.051583 0.042729
7 0.713250 0.462615 0.074722 0.053792
3 0.456606 0.448643 0.038343 0.020089
