7 0.706542 0.395708 0.071435 0.055146
7 0.443565 0.424750 0.067704 0.037552
5 0.434454 0.338482 0.041074 0.027682
1 0.478620 0.475844 0.064000 0.043844
1 0.258745 0.493055 0.072917 0.055234
1 0.329727 0.469549 0.061269 0.047651
7 0.678653 0.344250 0.039102 0.032115
7 0.711931 0.406365 0.060324 0.033771
1 0.417519 0.450513 0.060148 0.037714
2 0.395736 0.476930 0.068657 0.060547
3 0.557421 0.478698 0.080343 0.049115
3 0.647981 0.468375 0.076426 0.047823
3 0.524440 0.433529 0.064917 0.040307
7 0.945824 0.563148 0.108352 0.074443
3 0.643486 0.430740 0.073491 0.038187
3 0.389926 0.408383 0.060593 0.039068
7 0.448352 0.413687 0.077370 0.059729
0 0.459403 0.511992 0.034546 0.029839
3 0.505662 0.397479 0.043472 0.025740
