0 0.772181 0.576945 0.040954 0.045255
1 0.380065 0.460214 0.076444 0.076760
5 0.653532 0.309487 0.043694 0.026880
7 0.637551 0.280667 0.037213 0.025396
2 0.491352 0.335857 0.043741 0.022682
4 0.605375 0.351122 0.051120 0.028057
5 0.966023 0.656474 0.067843 0.072562
5 0.578491 0.320721 0.041463 0.026703
3 0.612273 0.619156 0.162898 0.111458
3 0.620333 0.440078 0.086981 0.051094
3 0.301796 0.423359 0.078833 0.040813
7 0.712810 0.399281 0.106028 0.083042
3 0.333968 0.403237 0.072843 0.042016
6 0.676551 0.335867 0.051657 0.042109
3 0.616236 0.329013 0.043824 0.024370
