4 0.396574 0.607430 0.147611 0.099214
7 0.572356 0.296279 0.017324 0.015661
5 0.539861 0.344589 0.035333 0.025698
1 0.166764 0.544974 0.102546 0.055604
5 0.595032 0.368406 0.045639 0.036115
4 0.498718 0.338935 0.024139 0.011661
3 0.168880 0.544586 0.098907 0.054661
3 0.337690 0.419924 0.042009 0.015859
3 0.920940 0.319607 0.022731 0.010682
3 0.017255 0.735622 0.033731 0.085432
3 0.919819 0.333346 0.030991 0.014161
3 0.334014 0.447518 0.071139 0.043214
7 0.630454 0.542867 0.175667 0.144391
7 0.722069 0.450961 0.086417 0.071786
7 0.430287 0.501148 0.134870 0.086755
3 0.301106 0.473146 0.085824 0.053031
4 0.562116 0.466935 0.056472 0.049026
1 0.128208 0.582945 0.094972 0.064755
1 0.541565 0.386112 0.031000 0.024130
5 0.655602 0.357815 0.042926 0.029714
1 0.229171 0.595852 0.108694 0.075536
7 0.641648 0.328273 0.038407 0.025432
5 0.389343 0.417940 0.071519 0.059370
1 0.281694 0.553750 0.085685 0.055354
5 0.354046 0.379107 0.055074 0.036266
4 0.484616 0.462172 0.081935 0.045052
1 0.302366 0.525586 0.075954 0.052266
2 0.564208 0.893349 0.525269 0.157125
