3 0.422611 0.360289 0.060204 0.041755
3 0.457801 0.456258 0.117398 0.076932
3 0.314218 0.371078 0.087454 0.052490
3 0.739519 0.371151 0.078204 0.045323
6 0.676435 0.259049 0.044870 0.025839
6 0.605458 0.232849 0.041602 0.032635
3 0.981602 0.234297 0.028741 0.013208
3 0.979944 0.251508 0.040111 0.025557
7 0.980046 0.251513 0.039778 0.025870
6 0.695718 0.297979 0.073806 0.050531
7 0.286060 0.470620 0.100898 0.074406
6 0.664856 0.230742 0.039954 0.025401
3 0.530880 0.235102 0.034907 0.012672
7 0.738528 0.357133 0.083704 0.073172
6 0.611259 0.207617 0.036352 0.017620
6 0.607125 0.305505 0.096843 0.102875
3 0.335009 0.538654 0.131759 0.092453
7 0.674856 0.460471 0.184843 0.163411
7 0.078630 0.768208 0.155741 0.141490
6 0.372556 0.277635 0.056167 0.036625
3 0.346898 0.344633 0.072037 0.044151
7 0.347190 0.344888 0.071324 0.045714
