6 0.738287 0.364638 0.029741 0.019266
3 0.548296 0.548315 0.104444 0.067318
3 0.580333 0.484503 0.069296 0.046307
7 0.759472 0.488898 0.147963 0.108682
3 0.613542 0.417617 0.057843 0.033151
3 0.473620 0.451849 0.062352 0.038760
6 0.726245 0.344857 0.030306 0.021995
3 0.581644 0.393719 0.042972 0.016563
3 0.538287 0.455602 0.054926 0.034776
7 0.788458 0.437417 0.076472 0.056365
6 0.627824 0.354742 0.023500 0.011578
0 0.647616 0.454674 0.025454 0.018995
5 0.214255 0.703393 0.395565 0.123859
5 0.510731 0.382635 0.039685 0.026312
1 0.551398 0.403013 0.029944 0.020391
7 0.693625 0.377518 0.043213 0.035964
1 0.431727 0.483362 0.057750 0.043870
1 0.478241 0.520141 0.058815 0.050365
7 0.656810 0.358810 0.034750 0.023995
7 0.754227 0.385630 0.040583 0.030802
1 0.437412 0.541091 0.074694 0.055589
1 0.298972 0.572229 0.104130 0.065167
