6 0.694019 0.347380 0.079352 0.051729
3 0.348495 0.408753 0.062565 0.035682
7 0.693736 0.347281 0.079102 0.051813
3 0.899088 0.269539 0.024565 0.016599
7 0.594495 0.348555 0.070991 0.049672
7 0.483505 0.697802 0.263028 0.246958
0 0.659921 0.419599 0.025231 0.024510
3 0.673819 0.310055 0.043287 0.024964
7 0.743176 0.406430 0.087796 0.075422
6 0.659343 0.282396 0.039074 0.025729
3 0.954546 0.275750 0.033685 0.015167
6 0.373477 0.336281 0.055102 0.036583
3 0.534806 0.329518 0.045630 0.025453
3 0.398019 0.464117 0.099778 0.060109
3 0.322968 0.429992 0.084491 0.051661
4 0.828380 0.849924 0.261833 0.218255
7 0.608333 0.298310 0.052519 0.048839
1 0.491787 0.447977 0.065963 0.046401
1 0.166282 0.549258 0.111639 0.077964
5 0.726509 0.523734 0.153426 0.130156
1 0.054343 0.613180 0.106259 0.057599
5 0.484144 0.697760 0.263306 0.246219
5 0.530014 0.524526 0.163102 0.114010
1 0.516329 0.414286 0.052935 0.040354
1 0.478542 0.349172 0.031954 0.025021
1 0.467056 0.399867 0.043759 0.034849
2 0.232130 0.615568 0.140741 0.091073
