5 0.639250 0.427630 0.028852 0.019938
1 0.066588 0.951380 0.132287 0.096667
5 0.535625 0.546411 0.088028 0.065760
1 0.260440 0.588086 0.077472 0.053255
7 0.656588 0.447995 0.036935 0.030302
1 0.940287 0.669362 0.119426 0.078474
5 0.414671 0.441281 0.039769 0.026823
1 0.713417 0.557911 0.057259 0.044802
3 0.962412 0.425404 0.024306 0.015911
3 0.396986 0.489659 0.056639 0.034172
7 0.685843 0.499073 0.072593 0.054104
6 0.629171 0.406250 0.028194 0.018646
7 0.259889 0.587406 0.078056 0.052969
7 0.595134 0.463052 0.057861 0.038396
3 0.507079 0.503714 0.055694 0.031833
3 0.373523 0.510208 0.064194 0.038719
3 0.526139 0.462107 0.036019 0.017661
6 0.685782 0.499109 0.072880 0.054271
3 0.915111 0.423990 0.023241 0.014396
3 0.879208 0.424404 0.023806 0.014349
