7 0.669421 0.332875 0.027250 0.021198
3 0.541657 0.482404 0.078574 0.049026
7 0.703949 0.439234 0.113306 0.079781
3 0.452657 0.441570 0.063519 0.038661
3 0.690019 0.369117 0.031426 0.017682
7 0.770671 0.427063 0.066046 0.056187
0 0.942153 0.513120 0.050806 0.022260
6 0.705269 0.333206 0.030241 0.020703
6 0.640380 0.328266 0.030037 0.018083
3 0.475838 0.420898 0.054769 0.036651
3 0.775644 0.437737 0.054528 0.034891
3 0.642060 0.351667 0.024269 0.017240
3 0.717995 0.355086 0.035102 0.020922
6 0.735051 0.374445 0.039120 0.026859
3 0.628569 0.341211 0.016769 0.012120
3 0.591616 0.365771 0.030694 0.013604
7 0.472894 0.421089 0.060731 0.037125
5 0.717648 0.355107 0.035278 0.020568
1 0.342199 0.519747 0.079676 0.052828
1 0.083125 0.642081 0.164602 0.072380
1 0.567620 0.416130 0.035426 0.028583
5 0.490829 0.371328 0.039824 0.027302
1 0.412194 0.471404 0.058889 0.042745
1 0.755051 0.584161 0.160806 0.065781
