7 0.600644 0.358370 0.028657 0.018010
3 0.837204 0.354362 0.022370 0.013599
3 0.722273 0.365643 0.021269 0.009026
3 0.934935 0.385456 0.029778 0.018328
3 0.802630 0.358013 0.023519 0.016286
7 0.661185 0.449883 0.072037 0.055276
3 0.974551 0.380740 0.030028 0.017510
3 0.373556 0.447529 0.055889 0.031411
6 0.958935 0.361172 0.044093 0.022656
3 0.513588 0.371339 0.020806 0.009948
6 0.611176 0.380250 0.033241 0.023083
3 0.493944 0.366497 0.020370 0.008526
3 0.348875 0.468375 0.060102 0.039167
6 0.850852 0.368052 0.046574 0.022073
1 0.944157 0.769789 0.111685 0.100641
7 0.550009 0.347956 0.026426 0.016016
1 0.544708 0.374604 0.017602 0.013104
2 0.536088 0.388833 0.026306 0.016083
7 0.610981 0.380286 0.033148 0.022729
7 0.629343 0.398839 0.039167 0.028875
7 0.660986 0.449878 0.072213 0.055276
5 0.361903 0.611151 0.117602 0.110865
1 0.223787 0.556531 0.075259 0.060656
1 0.125843 0.790896 0.170556 0.140292
5 0.388306 0.397969 0.039722 0.027562
1 0.442347 0.450445 0.042417 0.031130
