7 0.568444 0.358023 0.059315 0.047661
2 0.707856 0.609836 0.116787 0.089776
2 0.391843 0.429310 0.046500 0.036130
7 0.620477 0.319711 0.039657 0.022964
4 0.440208 0.407797 0.064898 0.038594
5 0.634792 0.347896 0.043324 0.029458
4 0.431884 0.450544 0.082806 0.047651
5 0.733106 0.731685 0.533787 0.147839
1 0.337792 0.580352 0.090083 0.082411
5 0.478241 0.588422 0.153204 0.134781
1 0.232394 0.575260 0.097250 0.069740
7 0.568241 0.468005 0.158315 0.153146
6 0.579505 0.313930 0.029324 0.021161
1 0.073463 0.615352 0.107389 0.085422
5 0.333653 0.368159 0.055176 0.035682
6 0.527231 0.315344 0.022889 0.016698
3 0.972801 0.344951 0.030713 0.019589
3 0.896194 0.321948 0.029111 0.016427
3 0.311222 0.434552 0.073370 0.045906
7 0.312130 0.434070 0.072500 0.046703
3 0.511472 0.347547 0.021704 0.011313
3 0.476472 0.328625 0.025093 0.010833
7 0.700250 0.442768 0.085611 0.073255
3 0.278495 0.461224 0.086269 0.052875
