3 0.252069 0.448102 0.073306 0.044120
7 0.120315 0.590156 0.105426 0.077760
3 0.348699 0.473482 0.087954 0.066120
3 0.644602 0.466531 0.076593 0.042938
1 0.220245 0.534865 0.078509 0.056094
1 0.585472 0.529237 0.079648 0.045964
4 0.458370 0.384289 0.044019 0.023922
5 0.318231 0.537664 0.143796 0.091755
7 0.560269 0.330615 0.035407 0.024729
1 0.173051 0.632227 0.112231 0.051370
7 0.488852 0.314891 0.026907 0.025937
7 0.513593 0.331021 0.037222 0.023854
1 0.398319 0.452779 0.048306 0.041349
1 0.120139 0.590224 0.104148 0.077104
1 0.072713 0.563820 0.097222 0.070797
4 0.419060 0.339839 0.023546 0.012031
5 0.348394 0.466721 0.086528 0.079578
3 0.446338 0.527872 0.106083 0.068161
3 0.556921 0.493021 0.089954 0.046677
6 0.274056 0.379786 0.054722 0.036448
3 0.219014 0.472846 0.085472 0.051734
3 0.459093 0.478620 0.075037 0.041771
7 0.641407 0.452930 0.083926 0.071870
3 0.576083 0.568828 0.113426 0.063458
3 0.447329 0.405234 0.050954 0.023406
6 0.575528 0.359911 0.042685 0.028958
3 0.072269 0.563268 0.095963 0.069714
