6 0.615014 0.378661 0.031787 0.018885
1 0.279657 0.634974 0.100241 0.074615
1 0.957796 0.825013 0.084370 0.105745
5 0.401644 0.415086 0.039769 0.026818
1 0.703972 0.529930 0.056537 0.045797
1 0.251227 0.562862 0.078343 0.050620
1 0.476884 0.455146 0.035454 0.025125
1 0.957903 0.729378 0.084194 0.086141
5 0.530778 0.399307 0.027296 0.018021
1 0.933940 0.637930 0.132120 0.078370
5 0.626023 0.400755 0.032620 0.021729
1 0.829472 0.700065 0.200167 0.054911
1 0.485616 0.435310 0.028417 0.018620
7 0.674690 0.471234 0.073269 0.055573
3 0.362176 0.484495 0.063722 0.039448
3 0.546324 0.411453 0.028019 0.014229
3 0.971787 0.418549 0.045981 0.017964
6 0.642847 0.420057 0.039343 0.030646
3 0.507634 0.385495 0.017972 0.008344
7 0.675157 0.471539 0.072574 0.055453
7 0.933606 0.637943 0.132787 0.077594
3 0.887412 0.393479 0.021898 0.014604
7 0.382583 0.464393 0.061074 0.035776
3 0.382347 0.464357 0.061769 0.035745
3 0.959944 0.405708 0.027074 0.015781
