3 0.419986 0.598083 0.053509 0.036552
7 0.718009 0.466461 0.037741 0.030443
5 0.476287 0.466234 0.039500 0.026625
1 0.313352 0.822260 0.150944 0.121406
5 0.571282 0.734365 0.380602 0.104208
1 0.400056 0.567818 0.054685 0.040625
3 0.640458 0.827182 0.364380 0.108125
3 0.663227 0.501323 0.051398 0.027479
3 0.441741 0.535034 0.061685 0.038568
6 0.686435 0.425648 0.031037 0.018839
7 0.752801 0.516833 0.073769 0.056240
6 0.752593 0.516888 0.074333 0.056682
3 0.462657 0.515779 0.057481 0.034505
0 0.951042 0.930159 0.095843 0.092453
6 0.698986 0.446615 0.032139 0.022927
3 0.973634 0.441031 0.031509 0.012677
3 0.602912 0.460729 0.030194 0.019458
3 0.620991 0.429469 0.021611 0.013115
1 0.332954 0.615984 0.079852 0.056646
7 0.650829 0.445974 0.040046 0.027417
7 0.652894 0.421555 0.022528 0.017130
1 0.678134 0.469521 0.024009 0.018188
3 0.974417 0.461555 0.050574 0.021234
