1 0.474556 0.538229 0.095556 0.074281
4 0.689519 0.478768 0.107833 0.067349
4 0.656866 0.440115 0.094546 0.055625
1 0.082593 0.706818 0.151944 0.118292
5 0.386616 0.340086 0.054472 0.036589
5 0.523866 0.494076 0.114657 0.082984
7 0.709801 0.340802 0.052083 0.039469
1 0.201097 0.602521 0.144231 0.090479
1 0.289125 0.530482 0.094102 0.075536
2 0.388468 0.464344 0.095380 0.046990
7 0.672000 0.286154 0.036167 0.025661
1 0.499690 0.385688 0.053009 0.036948
1 0.418718 0.442029 0.061157 0.043005
3 0.685296 0.315987 0.042537 0.030068
3 0.637912 0.406622 0.075324 0.050734
3 0.631912 0.337018 0.045028 0.029734
3 0.562403 0.425130 0.042009 0.034906
3 0.538634 0.442365 0.076343 0.037073
3 0.367028 0.408802 0.072944 0.044292
3 0.529222 0.297505 0.024704 0.011833
6 0.574898 0.359005 0.062111 0.045344
3 0.334236 0.437221 0.086009 0.059964
7 0.751935 0.408935 0.096278 0.073120
3 0.675431 0.577693 0.145731 0.097604
