1 0.158491 0.570966 0.109463 0.072797
1 0.535250 0.344349 0.027500 0.020823
7 0.674889 0.612240 0.299407 0.366437
7 0.606954 0.348458 0.059537 0.065021
7 0.740819 0.433857 0.085917 0.073214
3 0.321088 0.455589 0.087824 0.051771
7 0.692440 0.375602 0.076898 0.050391
7 0.158097 0.570898 0.109102 0.072974
3 0.934458 0.299911 0.023009 0.014750
7 0.351569 0.430422 0.073157 0.044729
6 0.617310 0.297781 0.028861 0.021594
3 0.351764 0.430471 0.072120 0.043828
0 0.404912 0.464156 0.031287 0.026469
3 0.567495 0.336083 0.030565 0.025010
3 0.952806 0.316083 0.025481 0.016458
3 0.517671 0.321211 0.026824 0.011880
6 0.659551 0.310487 0.040528 0.025880
