0 0.907074 0.754940 0.150315 0.054297
4 0.587292 0.510370 0.051583 0.030812
1 0.637519 0.570115 0.053722 0.042396
5 0.405269 0.640167 0.137407 0.114198
3 0.653106 0.654003 0.110509 0.073328
3 0.619273 0.746732 0.142991 0.126005
3 0.536755 0.581146 0.082731 0.053656
3 0.500023 0.526242 0.057528 0.032099
3 0.347935 0.534453 0.063500 0.038448
3 0.597019 0.462417 0.027519 0.014542
6 0.302532 0.794505 0.187454 0.145396
3 0.667269 0.530487 0.059056 0.033505
7 0.632968 0.469589 0.040083 0.031292
5 0.481782 0.507112 0.065898 0.045880
1 0.261167 0.674534 0.101833 0.071255
7 0.604505 0.428859 0.024065 0.017823
1 0.028991 0.872294 0.057981 0.111839
1 0.922458 0.681323 0.137194 0.064427
5 0.403796 0.564638 0.077741 0.060630
1 0.286778 0.595883 0.064741 0.047505
5 0.391255 0.465073 0.039861 0.026917
1 0.214500 0.618799 0.076148 0.056089
7 0.481662 0.506372 0.066269 0.045276
7 0.922509 0.681328 0.137926 0.064490
3 0.404000 0.564831 0.077722 0.060464
3 0.878991 0.443096 0.029074 0.012401
3 0.302579 0.794948 0.187454 0.144760
7 0.660847 0.519888 0.071306 0.055068
3 0.260870 0.674641 0.102574 0.071271
