3 0.430218 0.502497 0.059009 0.035089
3 0.637199 0.446578 0.030472 0.015583
0 0.518685 0.978281 0.093981 0.042958
6 0.367134 0.551505 0.056620 0.043813
3 0.409426 0.522065 0.062315 0.038276
3 0.229810 0.907477 0.239713 0.184651
1 0.072861 0.830581 0.143944 0.134495
1 0.417324 0.606297 0.069481 0.056281
7 0.688319 0.456865 0.041028 0.030396
5 0.445731 0.453849 0.042574 0.026437
7 0.722194 0.507146 0.073111 0.055917
1 0.962731 0.675190 0.074537 0.077745
1 0.507713 0.482070 0.023556 0.018474
1 0.976338 0.733378 0.047065 0.048661
1 0.298162 0.600474 0.076620 0.049375
1 0.366736 0.553378 0.055361 0.039766
7 0.660356 0.415755 0.022250 0.018625
7 0.627023 0.404263 0.020880 0.015641
0 0.416560 0.563622 0.027472 0.021828
6 0.614213 0.420151 0.032222 0.019438
3 0.972509 0.860625 0.054722 0.078979
6 0.298162 0.600987 0.076898 0.049057
