7 0.663199 0.460393 0.072769 0.055245
3 0.210426 0.893190 0.303519 0.212245
3 0.539264 0.689622 0.172657 0.126307
3 0.662403 0.552781 0.093713 0.062063
3 0.418069 0.550922 0.128083 0.060313
3 0.559505 0.544234 0.098454 0.060448
5 0.615542 0.389219 0.034343 0.023260
1 0.638157 0.512141 0.065463 0.045969
1 0.928398 0.627826 0.142407 0.077922
1 0.475551 0.468201 0.040769 0.033849
1 0.222190 0.558125 0.077194 0.055198
7 0.631606 0.409393 0.039546 0.031505
1 0.695208 0.519372 0.050065 0.046141
1 0.956917 0.721060 0.086167 0.084089
1 0.276481 0.528273 0.066870 0.050234
1 0.385861 0.507982 0.057556 0.042016
5 0.602648 0.367505 0.029574 0.019063
1 0.125065 0.600888 0.142833 0.066599
5 0.390667 0.403682 0.039556 0.026948
3 0.667278 0.470839 0.063481 0.034198
7 0.974662 0.391992 0.049880 0.036203
3 0.596713 0.481177 0.051148 0.032427
7 0.928227 0.627875 0.142676 0.077406
3 0.507046 0.416083 0.040704 0.020156
3 0.575699 0.495339 0.077806 0.042031
3 0.508458 0.949792 0.227769 0.099937
3 0.581921 0.440560 0.050398 0.031318
3 0.350829 0.473151 0.063824 0.039177
3 0.272537 0.719536 0.198963 0.139344
3 0.487130 0.503729 0.068759 0.038604
