4 0.527880 0.379578 0.043926 0.019198
3 0.305519 0.583862 0.133278 0.073047
3 0.435727 0.456326 0.058528 0.031901
6 0.936361 0.350047 0.045685 0.022896
3 0.473745 0.345930 0.017991 0.009036
7 0.637310 0.432023 0.066231 0.054224
3 0.955921 0.358003 0.019954 0.010141
3 0.560167 0.387651 0.036093 0.019146
3 0.346329 0.426513 0.051083 0.031568
0 0.979931 0.649734 0.039843 0.044729
3 0.851968 0.357891 0.021787 0.014188
3 0.816014 0.353693 0.020472 0.009208
3 0.507505 0.402539 0.041028 0.024901
3 0.894236 0.358635 0.024046 0.014583
3 0.321519 0.445161 0.064426 0.039531
3 0.639787 0.442685 0.060759 0.032755
3 0.562463 0.404102 0.038130 0.020370
7 0.564755 0.595203 0.218454 0.168698
7 0.570486 0.469401 0.117694 0.085740
1 0.405407 0.486029 0.057574 0.042609
1 0.325093 0.512448 0.072444 0.050865
1 0.245815 0.509906 0.072296 0.049365
1 0.189227 0.529133 0.074731 0.054380
5 0.589514 0.361456 0.035083 0.022328
1 0.396407 0.439352 0.037000 0.031224
5 0.467407 0.427273 0.059074 0.041474
5 0.364380 0.375406 0.041222 0.027781
7 0.580866 0.338792 0.028509 0.019448
7 0.607792 0.380148 0.040824 0.031984
2 0.748884 0.825635 0.213824 0.216750
