3 0.377315 0.424458 0.053093 0.032385
5 0.621000 0.359596 0.031611 0.021536
1 0.265861 0.506740 0.079500 0.046500
1 0.709370 0.677594 0.187833 0.055427
1 0.368880 0.485367 0.061926 0.032255
7 0.639949 0.379065 0.044880 0.030307
7 0.578884 0.356396 0.037269 0.023854
1 0.390648 0.530320 0.064519 0.057182
1 0.314537 0.542130 0.075889 0.059187
1 0.428412 0.434599 0.043843 0.033250
1 0.399269 0.475315 0.056204 0.037078
5 0.394722 0.373935 0.042185 0.027995
1 0.465454 0.535365 0.067556 0.055385
7 0.610963 0.336297 0.028111 0.018458
1 0.348009 0.510255 0.060759 0.046656
5 0.539588 0.513745 0.127491 0.074604
3 0.661468 0.523201 0.087620 0.051714
3 0.615319 0.464641 0.062194 0.034135
3 0.647278 0.493289 0.085463 0.048714
3 0.482676 0.471865 0.062796 0.037156
3 0.353079 0.444104 0.064657 0.038865
0 0.024319 0.606169 0.046713 0.068953
3 0.484532 0.393646 0.037583 0.019438
3 0.540208 0.477602 0.072417 0.028255
3 0.537991 0.367503 0.028537 0.014974
3 0.516773 0.376964 0.038009 0.016562
3 0.533870 0.448714 0.057963 0.033010
7 0.539611 0.513969 0.128185 0.075073
7 0.665968 0.430404 0.072269 0.055151
7 0.970903 0.345505 0.048824 0.022344
3 0.672514 0.440747 0.058435 0.034161
6 0.620157 0.359651 0.032593 0.021771
3 0.860972 0.348607 0.032407 0.016703
