3 0.990384 0.315844 0.017546 0.020812
3 0.603417 0.327557 0.027315 0.015083
3 0.534532 0.313143 0.018250 0.008922
6 0.653102 0.328927 0.034704 0.023083
3 0.549514 0.471995 0.074157 0.047156
7 0.703519 0.399823 0.070056 0.055437
3 0.451213 0.432352 0.079741 0.045026
3 0.446852 0.455529 0.075704 0.048026
0 0.370278 0.619055 0.109593 0.036932
3 0.972671 0.927258 0.053528 0.133641
6 0.703773 0.399784 0.069287 0.055193
3 0.077306 0.633430 0.154611 0.101734
5 0.653250 0.329182 0.033926 0.022698
1 0.268880 0.622727 0.103315 0.045536
1 0.261491 0.501258 0.075259 0.058026
7 0.643301 0.306164 0.029898 0.019495
1 0.311403 0.465169 0.060139 0.042943
1 0.732292 0.458339 0.052065 0.042667
2 0.343671 0.508203 0.083750 0.054823
3 0.387634 0.413529 0.062306 0.039620
3 0.625023 0.449641 0.079731 0.050323
3 0.524718 0.410089 0.056991 0.028052
3 0.446736 0.495357 0.098583 0.062630
3 0.477032 0.938680 0.475028 0.122047
1 0.163995 0.539544 0.139843 0.058130
5 0.426282 0.343763 0.039120 0.027234
4 0.530644 0.446484 0.074713 0.046781
1 0.949625 0.566417 0.100750 0.073823
1 0.556995 0.497674 0.067046 0.054620
4 0.698380 0.487432 0.094000 0.061167
7 0.671514 0.347865 0.038787 0.030604
0 0.876792 0.487292 0.045231 0.020104
