5 0.745856 0.396786 0.029713 0.021010
1 0.083301 0.665388 0.166120 0.084401
1 0.910435 0.945617 0.178926 0.108172
1 0.617889 0.476266 0.044889 0.036479
7 0.707713 0.451932 0.068111 0.056677
5 0.519523 0.415531 0.039917 0.027375
7 0.645782 0.426443 0.062361 0.040323
7 0.762972 0.417430 0.038111 0.031036
2 0.408056 0.612281 0.113426 0.071646
1 0.235069 0.946784 0.240509 0.106047
6 0.732435 0.376677 0.029815 0.020240
6 0.712019 0.399898 0.034019 0.020286
6 0.658347 0.396320 0.030435 0.018745
3 0.538051 0.455341 0.038991 0.021786
7 0.797264 0.468193 0.072231 0.055240
3 0.516134 0.744667 0.170250 0.137521
3 0.506028 0.468005 0.055315 0.028917
3 0.733449 0.506430 0.066157 0.039714
3 0.729245 0.483609 0.067583 0.033094
3 0.539468 0.541326 0.111065 0.073057
3 0.483380 0.485424 0.062778 0.039266
7 0.799532 0.577596 0.172380 0.148036
