3 0.594676 0.505812 0.057963 0.039115
1 0.280620 0.688411 0.120074 0.072604
1 0.387755 0.877964 0.152546 0.153750
1 0.613889 0.527354 0.037667 0.028458
1 0.977333 0.689352 0.045241 0.064203
7 0.644204 0.450036 0.036944 0.027458
5 0.059005 0.699500 0.118009 0.090458
1 0.514125 0.530667 0.039139 0.031625
1 0.473366 0.624083 0.071731 0.056896
1 0.688907 0.566224 0.052407 0.037687
5 0.466870 0.473297 0.039630 0.027188
1 0.388597 0.574573 0.059139 0.043490
3 0.430028 0.542544 0.063111 0.039339
7 0.742528 0.527604 0.073370 0.055604
3 0.542245 0.509849 0.045120 0.022031
6 0.707764 0.476534 0.039917 0.030359
3 0.451949 0.522917 0.056806 0.035187
0 0.413963 0.618628 0.040241 0.027734
6 0.690713 0.457406 0.034259 0.021437
6 0.742236 0.527367 0.073491 0.055693
1 0.209319 0.756768 0.101620 0.057297
7 0.280847 0.688201 0.120546 0.072661
6 0.598593 0.458529 0.029148 0.021026
6 0.059435 0.699518 0.117759 0.091068
3 0.694056 0.825185 0.161093 0.127786
3 0.769380 0.669042 0.111278 0.075396
3 0.477824 0.738305 0.163833 0.117589
3 0.653444 0.631469 0.102778 0.062240
3 0.409537 0.667240 0.066333 0.039625
3 0.565731 0.541117 0.054870 0.033911
1 0.680370 0.543201 0.040500 0.030995
1 0.318162 0.621375 0.077861 0.051073
