3 0.209963 0.954992 0.418407 0.089224
1 0.214097 0.594201 0.108898 0.065182
5 0.465449 0.399911 0.060231 0.041865
4 0.488870 0.335086 0.022963 0.011068
5 0.645796 0.351526 0.041815 0.029792
3 0.215222 0.955250 0.428722 0.088635
1 0.271231 0.553495 0.103815 0.090344
7 0.675384 0.377221 0.066176 0.041370
7 0.723824 0.458206 0.074981 0.046516
4 0.594565 0.344198 0.032481 0.015562
0 0.347028 0.521703 0.079556 0.053667
2 0.384917 0.478547 0.079074 0.044281
1 0.228222 0.760372 0.248167 0.078266
4 0.590222 0.427466 0.065648 0.040380
1 0.362657 0.586810 0.095833 0.079026
5 0.504056 0.467174 0.091074 0.070443
5 0.348519 0.377078 0.054963 0.037010
1 0.479245 0.504003 0.065602 0.051557
4 0.629958 0.462779 0.086435 0.049891
3 0.299546 0.471398 0.085259 0.051578
3 0.622056 0.497979 0.097519 0.058479
0 0.068315 0.807091 0.134167 0.055203
3 0.508523 0.390737 0.043213 0.022474
3 0.413088 0.454391 0.060287 0.036865
3 0.584819 0.361471 0.035343 0.016401
3 0.329116 0.444440 0.072898 0.040974
7 0.714486 0.444625 0.094972 0.074156
6 0.631139 0.322208 0.036778 0.026094
3 0.443347 0.432953 0.045380 0.036083
3 0.506597 0.364701 0.025435 0.017818
