4 0.210429 0.893190 0.303516 0.212248
4 0.539261 0.689623 0.172657 0.126308
4 0.662403 0.552782 0.093714 0.062064
4 0.418070 0.550922 0.128080 0.060312
4 0.559502 0.544234 0.098452 0.060450
4 0.487132 0.503730 0.068756 0.038602
4 0.272537 0.719537 0.198959 0.139344
4 0.350828 0.473152 0.063820 0.039175
8 0.390665 0.403684 0.039560 0.026947
9 0.125065 0.600889 0.142834 0.066601
4 0.581921 0.440559 0.050404 0.031319
9 0.663199 0.460395 0.072777 0.055246
4 0.385858 0.507981 0.057554 0.042017
8 0.276482 0.528275 0.066875 0.050236
4 0.508456 0.949791 0.227764 0.099941
4 0.575700 0.495338 0.077810 0.042031
9 0.956915 0.721061 0.086169 0.084086
4 0.695209 0.519373 0.050070 0.046142
4 0.507048 0.416084 0.040702 0.020154
8 0.631607 0.409392 0.039549 0.031505
4 0.222193 0.558126 0.077195 0.055197
4 0.475551 0.468199 0.040764 0.033848
4 0.928399 0.627825 0.142402 0.077923
9 0.928226 0.627875 0.142682 0.077403
4 0.638159 0.512142 0.065464 0.045971
8 0.615544 0.389219 0.034345 0.023258
4 0.596712 0.481178 0.051144 0.032426
9 0.974660 0.391991 0.049881 0.036201
4 0.667281 0.470841 0.063483 0.034198
8 0.602645 0.367504 0.029573 0.019061
