4 0.828380 0.849925 0.261838 0.218255
4 0.322967 0.429992 0.084486 0.051661
8 0.608333 0.298308 0.052513 0.048839
4 0.398020 0.464117 0.099772 0.060106
4 0.491789 0.447976 0.065962 0.046397
4 0.534804 0.329519 0.045631 0.025451
8 0.373479 0.336279 0.055102 0.036584
4 0.954548 0.275748 0.033681 0.015166
4 0.166279 0.549260 0.111640 0.077963
8 0.659342 0.282396 0.039070 0.025725
9 0.726507 0.523735 0.153423 0.130160
9 0.743172 0.406429 0.087795 0.075419
4 0.673819 0.310056 0.043287 0.024961
0 0.054343 0.613181 0.106260 0.057601
8 0.484145 0.697760 0.263307 0.246222
0 0.659922 0.419600 0.025238 0.024510
8 0.524436 0.525572 0.163102 0.114009
9 0.483505 0.697802 0.263024 0.246955
9 0.594495 0.348555 0.070998 0.049675
4 0.899090 0.269538 0.024568 0.016597
9 0.693735 0.347279 0.079099 0.051812
4 0.516325 0.414286 0.052935 0.040358
4 0.478542 0.349172 0.031946 0.025019
4 0.467055 0.399866 0.043762 0.034851
4 0.348495 0.408752 0.062558 0.035685
8 0.694017 0.347381 0.079349 0.051731
0 0.232127 0.615567 0.140737 0.091070
