4 0.658210 0.591857 0.130025 0.077093
4 0.627929 0.441384 0.066621 0.040614
4 0.469317 0.431356 0.076806 0.038451
4 0.602876 0.496981 0.095332 0.061526
4 0.292781 0.458977 0.082305 0.049712
4 0.110600 0.682425 0.145547 0.099259
0 0.205323 0.960148 0.105806 0.079110
4 0.326797 0.434189 0.074055 0.044436
9 0.714902 0.437673 0.086376 0.073389
4 0.383589 0.469697 0.070820 0.047623
8 0.647051 0.343995 0.043006 0.028833
8 0.633132 0.314476 0.039301 0.025638
9 0.336421 0.502466 0.102254 0.078025
4 0.586728 0.354810 0.039602 0.016697
4 0.986165 0.340077 0.027248 0.019433
4 0.382612 0.404812 0.075225 0.058752
4 0.623154 0.400040 0.041939 0.033108
0 0.942476 0.549241 0.062179 0.028017
8 0.346234 0.366693 0.056426 0.036494
4 0.544586 0.330160 0.027647 0.012665
4 0.961176 0.330879 0.025386 0.019044
4 0.284854 0.636972 0.118198 0.092852
4 0.576671 0.320462 0.023764 0.010842
4 0.428365 0.398707 0.042301 0.027467
4 0.591958 0.340007 0.025077 0.018517
4 0.497852 0.352396 0.049367 0.026499
4 0.493072 0.369667 0.035814 0.013946
4 0.982302 0.324230 0.023705 0.011793
4 0.551794 0.361220 0.028404 0.023232
