4 0.731849 0.585970 0.092435 0.059771
4 0.572781 0.515362 0.057080 0.039924
4 0.627911 0.576847 0.060775 0.048473
8 0.500170 0.453391 0.039571 0.026455
4 0.463857 0.522410 0.061575 0.038039
4 0.423340 0.554684 0.057418 0.037247
8 0.741895 0.455470 0.037260 0.030268
8 0.681911 0.427125 0.032603 0.028313
4 0.603724 0.470780 0.038605 0.023749
0 0.137163 0.686654 0.047811 0.063978
9 0.049627 0.701788 0.098518 0.092929
4 0.485113 0.503044 0.057247 0.035306
8 0.775862 0.506304 0.073674 0.056406
0 0.648324 0.516151 0.023510 0.019489
9 0.776634 0.506365 0.073629 0.056366
8 0.712472 0.414226 0.028338 0.018972
4 0.049110 0.701330 0.097831 0.092355
9 0.348743 0.601746 0.067662 0.054858
4 0.956438 0.423550 0.020640 0.012547
8 0.724798 0.433765 0.030868 0.016941
4 0.439268 0.589231 0.053111 0.034065
0 0.240270 0.647277 0.047871 0.045522
4 0.496454 0.571800 0.046466 0.032697
8 0.724735 0.440408 0.032103 0.030087
