4 0.134840 0.780095 0.267107 0.168358
9 0.434201 0.504830 0.225417 0.185785
4 0.340580 0.411487 0.084289 0.051549
9 0.674059 0.508391 0.174843 0.129799
8 0.605833 0.305631 0.055065 0.035972
9 0.765539 0.396830 0.084286 0.073011
8 0.500621 0.378617 0.080415 0.053390
8 0.702308 0.302092 0.044328 0.030069
4 0.359707 0.449769 0.091344 0.082864
8 0.399834 0.319113 0.055236 0.036211
9 0.179914 0.509550 0.108232 0.072477
8 0.690641 0.271561 0.037777 0.025296
4 0.648656 0.301105 0.034782 0.019110
8 0.481007 0.288392 0.057418 0.022208
4 0.375340 0.386406 0.069560 0.044783
9 0.655146 0.412385 0.111602 0.066237
4 0.556794 0.302222 0.033427 0.019570
4 0.977677 0.283311 0.039217 0.021727
4 0.597535 0.278398 0.028009 0.013386
8 0.579226 0.367223 0.053229 0.040720
9 0.375516 0.385929 0.068363 0.044220
4 0.545821 0.279849 0.025037 0.012568
8 0.648210 0.379062 0.128437 0.069953
9 0.360452 0.449585 0.091613 0.081875
