4 0.526669 0.551723 0.096808 0.057916
9 0.389940 0.649171 0.187531 0.170680
4 0.417183 0.467633 0.063152 0.039149
4 0.546917 0.438396 0.043724 0.023309
4 0.442657 0.503311 0.057883 0.040136
4 0.572907 0.406360 0.032118 0.017546
8 0.728493 0.450334 0.073589 0.055814
8 0.451867 0.397370 0.039951 0.026527
9 0.687805 0.572543 0.105597 0.103979
4 0.661600 0.457958 0.040522 0.035239
8 0.630308 0.382024 0.039849 0.033232
8 0.676063 0.379943 0.032385 0.021829
4 0.574600 0.385837 0.027274 0.014885
8 0.694379 0.399654 0.039856 0.029686
8 0.665291 0.359068 0.027469 0.021271
4 0.438529 0.448172 0.057836 0.034253
4 0.469814 0.437851 0.038857 0.021139
8 0.690475 0.912632 0.272066 0.174037
0 0.647585 0.494143 0.024191 0.020614
4 0.510725 0.452367 0.041895 0.030317
4 0.676410 0.379897 0.031698 0.021635
4 0.567083 0.368935 0.020196 0.012097
4 0.690928 0.912572 0.271040 0.174096
