4 0.669543 0.518950 0.066850 0.036912
4 0.701877 0.670719 0.148542 0.130875
4 0.540227 0.513482 0.057224 0.031109
4 0.511738 0.549671 0.074740 0.044219
4 0.689191 0.805788 0.186661 0.157891
4 0.407794 0.694779 0.186211 0.143237
8 0.482666 0.453525 0.040854 0.027382
4 0.403802 0.554033 0.059250 0.039861
0 0.954033 0.894850 0.082590 0.085486
4 0.445093 0.521997 0.062728 0.037788
4 0.700697 0.584371 0.102868 0.067862
4 0.662082 0.559877 0.050264 0.042645
4 0.303193 0.895627 0.358152 0.207450
8 0.724154 0.456624 0.040273 0.030256
4 0.531312 0.607142 0.122832 0.085937
8 0.301587 0.895860 0.360360 0.206901
4 0.570500 0.475977 0.030144 0.022916
4 0.963520 0.428811 0.023505 0.013770
4 0.255226 0.705301 0.158295 0.092348
8 0.334556 0.603789 0.078173 0.055756
0 0.339368 0.639843 0.045779 0.045200
4 0.705903 0.437280 0.033444 0.022243
9 0.756854 0.507797 0.073818 0.056185
4 0.467438 0.504125 0.053665 0.030998
4 0.982291 0.669525 0.034837 0.061051
4 0.026102 0.975604 0.050897 0.048343
4 0.334450 0.603965 0.078905 0.055811
4 0.648643 0.420321 0.020061 0.008445
8 0.694185 0.415532 0.026018 0.018180
4 0.756925 0.507674 0.073755 0.056143
