4 0.853099 0.833269 0.292710 0.141687
4 0.623187 0.549401 0.111174 0.067309
4 0.293435 0.497386 0.082644 0.052905
8 0.343478 0.403164 0.054381 0.036739
4 0.606433 0.495074 0.087240 0.051645
9 0.269882 0.578938 0.108296 0.092238
4 0.642261 0.519507 0.094864 0.057479
8 0.665899 0.401526 0.050289 0.044266
9 0.708581 0.469227 0.096309 0.073061
4 0.460137 0.558818 0.082008 0.059439
9 0.210227 0.625586 0.109244 0.077200
4 0.483940 0.359911 0.024707 0.012271
4 0.588773 0.434786 0.055064 0.027193
8 0.530014 0.399708 0.054514 0.037614
4 0.598732 0.410834 0.047579 0.022354
8 0.625438 0.348058 0.038169 0.025083
4 0.446494 0.457320 0.056423 0.031581
4 0.590707 0.459042 0.064425 0.031114
4 0.324405 0.470455 0.072576 0.042957
4 0.574787 0.350554 0.024233 0.014269
8 0.641585 0.385479 0.038575 0.045439
4 0.399812 0.442916 0.055182 0.023956
9 0.489669 0.518106 0.106310 0.083260
4 0.490134 0.518465 0.105674 0.082479
9 0.412385 0.479176 0.091478 0.052697
4 0.413252 0.479281 0.089625 0.052488
9 0.355082 0.529840 0.106453 0.093456
0 0.947261 0.579163 0.064533 0.027862
4 0.379124 0.513542 0.062395 0.058658
