4 0.255288 0.519519 0.074022 0.053832
8 0.424765 0.364438 0.040210 0.027868
4 0.385734 0.435504 0.064422 0.039478
8 0.637826 0.325359 0.033057 0.019675
4 0.847192 0.323614 0.016847 0.007987
4 0.405855 0.415513 0.060676 0.034332
8 0.697847 0.418242 0.072435 0.054787
4 0.566493 0.343974 0.021028 0.010877
4 0.532021 0.333851 0.018358 0.008549
8 0.601783 0.352951 0.045513 0.037292
8 0.364465 0.507955 0.102437 0.076182
4 0.881303 0.322659 0.016506 0.008937
4 0.364981 0.508004 0.101997 0.076619
4 0.989174 0.331650 0.020572 0.021568
8 0.672200 0.365178 0.051235 0.028094
4 0.651220 0.347218 0.033901 0.020020
8 0.789542 0.313146 0.025599 0.014605
9 0.697345 0.418359 0.073062 0.054670
4 0.967634 0.344267 0.036818 0.016524
