4 0.622503 0.430204 0.088325 0.050763
4 0.092469 0.912809 0.182816 0.173605
4 0.306204 0.391930 0.086278 0.051979
4 0.619897 0.386458 0.084931 0.048171
4 0.451518 0.403039 0.079846 0.049825
0 0.935668 0.579388 0.126617 0.052065
4 0.564644 0.557568 0.166088 0.109239
8 0.360875 0.300549 0.056304 0.041165
4 0.338961 0.366938 0.073999 0.045209
9 0.729927 0.372219 0.084645 0.073273
9 0.392466 0.337073 0.077389 0.058026
4 0.506376 0.256742 0.023147 0.012233
9 0.135392 0.499767 0.100669 0.068034
4 0.183608 0.468296 0.096485 0.063829
9 0.599271 0.300970 0.071538 0.059290
8 0.649591 0.247332 0.039702 0.026112
8 0.537068 0.282640 0.048639 0.030949
9 0.536957 0.282623 0.049211 0.030678
4 0.972653 0.388372 0.053516 0.033109
8 0.664444 0.276825 0.043204 0.029231
4 0.606952 0.251058 0.025918 0.011162
8 0.391167 0.337212 0.079750 0.058930
4 0.664555 0.277085 0.043523 0.029360
8 0.585492 0.240022 0.024485 0.013926
8 0.437624 0.267948 0.052179 0.026495
4 0.958267 0.263565 0.041124 0.018896
4 0.933001 0.251274 0.028214 0.014229
