4 0.717614 0.799429 0.186833 0.155632
4 0.643025 0.475791 0.065761 0.037010
4 0.664752 0.546625 0.105434 0.071679
4 0.523063 0.473429 0.064224 0.035208
4 0.335171 0.508375 0.067682 0.040109
8 0.436506 0.381582 0.041289 0.026994
0 0.926581 0.654010 0.125204 0.049334
4 0.405859 0.904690 0.234058 0.190332
4 0.713549 0.448814 0.059074 0.032961
8 0.679603 0.386880 0.040581 0.031430
4 0.150404 0.619658 0.124194 0.079921
8 0.567715 0.424627 0.059810 0.048254
4 0.336828 0.571301 0.180692 0.091589
9 0.433945 0.478334 0.081647 0.069801
4 0.191636 0.761976 0.171268 0.125177
4 0.613241 0.414335 0.045307 0.027351
4 0.638439 0.447719 0.039882 0.022668
4 0.474177 0.447686 0.046070 0.029050
4 0.392678 0.451157 0.059027 0.038391
4 0.460419 0.527636 0.136123 0.081447
8 0.259897 0.537377 0.070278 0.061236
4 0.988797 0.365469 0.022330 0.014846
9 0.706855 0.428664 0.070494 0.036427
4 0.937160 0.360738 0.019242 0.013510
8 0.661649 0.366881 0.035023 0.021345
9 0.949043 0.600295 0.101914 0.065837
4 0.620866 0.348899 0.019160 0.011931
9 0.459904 0.527794 0.136225 0.081301
4 0.509720 0.435079 0.037025 0.028794
4 0.902428 0.355785 0.029250 0.017017
8 0.653094 0.344717 0.028049 0.019294
0 0.587742 0.471880 0.025846 0.021107
4 0.949273 0.600292 0.101454 0.065030
