8 0.518096 0.427612 0.140852 0.102165
4 0.518417 0.497561 0.128100 0.081126
4 0.346559 0.496771 0.132454 0.087692
4 0.320453 0.394485 0.082196 0.054821
4 0.638213 0.441427 0.093136 0.064482
4 0.611521 0.356809 0.086005 0.063364
8 0.608852 0.308099 0.062888 0.042567
4 0.466729 0.330386 0.057552 0.034049
8 0.396543 0.415977 0.106108 0.068435
4 0.292816 0.669064 0.511127 0.143801
4 0.392577 0.454376 0.095658 0.057541
4 0.325543 0.433700 0.054396 0.042604
8 0.597363 0.239338 0.032628 0.023144
8 0.691137 0.308867 0.076809 0.051626
8 0.654912 0.242673 0.037234 0.026016
4 0.165564 0.510855 0.110423 0.070962
9 0.714673 0.479003 0.108183 0.104998
4 0.350160 0.366888 0.071816 0.043235
4 0.941681 0.241094 0.024014 0.014197
8 0.671912 0.270891 0.044181 0.026939
8 0.370372 0.299591 0.055430 0.038451
8 0.293045 0.669236 0.507319 0.142980
9 0.741950 0.365953 0.087936 0.073063
4 0.524863 0.248619 0.023446 0.012879
8 0.741918 0.365934 0.087623 0.073178
0 0.156493 0.576503 0.043227 0.049046
4 0.580897 0.280808 0.048213 0.032676
8 0.581616 0.280780 0.047898 0.032471
4 0.515752 0.297445 0.026162 0.021876
