9 0.599094 0.672509 0.256403 0.277568
4 0.350451 0.544680 0.104636 0.060603
4 0.490881 0.473032 0.069337 0.037730
4 0.528408 0.544004 0.081676 0.060455
4 0.591802 0.486279 0.080017 0.050517
4 0.383959 0.449898 0.064379 0.039355
0 0.276324 0.905362 0.221065 0.187310
4 0.705663 0.571756 0.078924 0.076613
9 0.697301 0.435980 0.073477 0.055559
4 0.654872 0.515624 0.063946 0.041132
8 0.425784 0.379572 0.040211 0.026810
4 0.610305 0.395210 0.034278 0.022312
4 0.045209 0.865408 0.089186 0.139193
4 0.253468 0.535876 0.076641 0.060311
4 0.988490 0.352193 0.022216 0.020317
4 0.331973 0.622686 0.107798 0.075554
8 0.601183 0.350837 0.031959 0.021702
8 0.641906 0.342572 0.029181 0.018680
4 0.407497 0.429895 0.056769 0.033343
0 0.408811 0.501876 0.028636 0.026058
4 0.534109 0.349205 0.019006 0.009533
8 0.565846 0.374990 0.043807 0.025949
4 0.454750 0.447086 0.037959 0.034282
