4 0.215386 0.688170 0.256155 0.089144
4 0.606449 0.538201 0.055627 0.030000
8 0.613428 0.504833 0.054558 0.042124
8 0.491324 0.468954 0.038719 0.026647
4 0.537550 0.594706 0.111483 0.072586
9 0.746283 0.647687 0.189748 0.130827
4 0.453855 0.537363 0.064768 0.036878
9 0.769580 0.523463 0.067865 0.055231
9 0.760058 0.701731 0.165308 0.097260
4 0.415347 0.682336 0.093004 0.080988
4 0.576437 0.566143 0.070026 0.043601
4 0.343570 0.617215 0.078531 0.054626
9 0.697815 0.538815 0.100781 0.087367
8 0.769882 0.523499 0.067811 0.055344
8 0.732996 0.472304 0.038180 0.029180
4 0.410889 0.569770 0.056752 0.040545
8 0.715113 0.453106 0.031323 0.021756
9 0.533447 0.527262 0.076049 0.040490
4 0.987841 0.684930 0.023605 0.054129
8 0.703978 0.432203 0.028879 0.020836
4 0.426694 0.608968 0.053040 0.025984
