8 0.384382 0.431376 0.055193 0.035875
4 0.331708 0.524304 0.084588 0.052358
4 0.394839 0.643641 0.091171 0.082090
4 0.437838 0.596491 0.105665 0.070659
9 0.751062 0.500564 0.088456 0.073250
4 0.293938 0.637878 0.092560 0.068241
9 0.628443 0.548350 0.178725 0.174217
4 0.454555 0.522033 0.075611 0.043961
8 0.620723 0.394877 0.053535 0.038190
4 0.413134 0.560626 0.107023 0.064018
9 0.128035 0.829250 0.254361 0.153828
4 0.595913 0.417784 0.036854 0.020999
8 0.668484 0.379084 0.037237 0.025875
9 0.766974 0.668923 0.118010 0.096863
8 0.682536 0.407805 0.043961 0.030398
0 0.233555 0.692074 0.059227 0.047958
4 0.280767 0.608051 0.088835 0.048539
4 0.364165 0.498629 0.073435 0.044512
8 0.574579 0.361042 0.024083 0.014401
4 0.948288 0.389868 0.026407 0.015932
4 0.538416 0.649241 0.147799 0.135702
4 0.986398 0.394944 0.026721 0.016465
4 0.522749 0.493956 0.069742 0.039399
9 0.131962 0.682213 0.111783 0.087804
9 0.537816 0.649508 0.149459 0.135841
8 0.544904 0.473760 0.116039 0.082451
0 0.281106 0.670599 0.027442 0.022822
9 0.654624 0.471226 0.101009 0.059352
4 0.471006 0.490311 0.036621 0.019836
9 0.364369 0.497655 0.074371 0.046667
8 0.626355 0.365884 0.024457 0.013141
8 0.576687 0.395375 0.031353 0.022028
