4 0.507076 0.503713 0.055698 0.031833
4 0.713415 0.557910 0.057263 0.044804
4 0.373524 0.510207 0.064188 0.038720
4 0.526142 0.462106 0.036020 0.017659
8 0.414671 0.441282 0.039767 0.026825
9 0.940285 0.669363 0.119430 0.078473
8 0.656587 0.447995 0.036936 0.030298
8 0.685781 0.499109 0.072886 0.054269
8 0.260439 0.588087 0.077476 0.053255
4 0.915107 0.423990 0.023240 0.014400
9 0.535626 0.546410 0.088021 0.065761
0 0.066589 0.951382 0.132285 0.096667
4 0.879211 0.424404 0.023808 0.014352
4 0.962413 0.425402 0.024305 0.015910
4 0.396985 0.489659 0.056639 0.034176
9 0.685846 0.499073 0.072595 0.054105
8 0.629174 0.406250 0.028196 0.018648
9 0.259890 0.587407 0.078054 0.052966
9 0.595135 0.463054 0.057859 0.038395
8 0.639252 0.427630 0.028852 0.019936
