4 0.571138 0.460271 0.054962 0.032127
4 0.430624 0.491301 0.070538 0.037815
4 0.335329 0.461334 0.065097 0.040076
9 0.477045 0.448060 0.074188 0.046444
8 0.377140 0.391295 0.040836 0.027056
8 0.557763 0.403762 0.054203 0.038983
9 0.647870 0.447109 0.070796 0.055043
8 0.591557 0.353995 0.028879 0.018531
4 0.358570 0.441238 0.055669 0.033179
4 0.199667 0.546483 0.067787 0.054549
4 0.436598 0.436805 0.030035 0.026317
8 0.624171 0.395301 0.048657 0.029535
0 0.983196 0.624519 0.033093 0.033316
0 0.083626 0.676514 0.107942 0.042278
4 0.964810 0.370186 0.024922 0.011665
9 0.948973 0.362471 0.048622 0.022175
8 0.602876 0.376035 0.032003 0.020994
4 0.802247 0.357651 0.027581 0.012049
