4 0.317634 0.860902 0.250668 0.202459
4 0.564565 0.508590 0.099842 0.052809
4 0.556907 0.463001 0.089883 0.055184
4 0.300550 0.451271 0.086396 0.051218
4 0.663298 0.570235 0.125123 0.074150
4 0.681488 0.896699 0.255186 0.205448
4 0.675344 0.726960 0.140451 0.120719
9 0.722766 0.432459 0.085019 0.071931
8 0.355962 0.358277 0.054833 0.036066
4 0.064918 0.832097 0.128466 0.163175
4 0.354573 0.518773 0.160759 0.129382
4 0.162814 0.567302 0.101747 0.035170
4 0.719963 0.524074 0.079388 0.070875
8 0.553929 0.313297 0.041245 0.037054
4 0.116068 0.644984 0.231467 0.145201
4 0.546348 0.437288 0.067190 0.041114
4 0.336339 0.426123 0.075838 0.043297
4 0.448351 0.419072 0.080304 0.060790
9 0.116262 0.644933 0.231620 0.145148
4 0.406936 0.385180 0.034258 0.029102
4 0.976517 0.304155 0.026769 0.013304
9 0.354947 0.518229 0.160183 0.131302
8 0.644001 0.309280 0.037412 0.025154
9 0.405996 0.655149 0.144309 0.100587
4 0.406180 0.655066 0.145045 0.100124
8 0.607763 0.403889 0.095183 0.064136
4 0.906424 0.295147 0.015987 0.010975
0 0.948099 0.547512 0.065640 0.026416
4 0.851991 0.299782 0.026015 0.017466
4 0.724287 0.445667 0.080985 0.041764
