4 0.321091 0.455588 0.087821 0.051773
8 0.659554 0.310486 0.040528 0.025882
8 0.692440 0.375600 0.076898 0.050390
8 0.740823 0.433857 0.085918 0.073213
4 0.517672 0.321211 0.026822 0.011885
4 0.567496 0.336084 0.030568 0.025009
8 0.606955 0.348458 0.059534 0.065023
9 0.674890 0.612240 0.299406 0.366436
4 0.934458 0.299911 0.023003 0.014751
4 0.535250 0.344348 0.027508 0.020826
9 0.351567 0.430422 0.073158 0.044734
8 0.617314 0.297780 0.028860 0.021595
4 0.351765 0.430471 0.072118 0.043826
0 0.404914 0.464155 0.031286 0.026471
4 0.952804 0.316083 0.025482 0.016461
4 0.158490 0.570966 0.109462 0.072799
9 0.158101 0.570900 0.109101 0.072972
