8 0.572940 0.409483 0.074224 0.071103
8 0.432738 0.361146 0.040861 0.027887
4 0.625847 0.512588 0.065428 0.053936
4 0.479376 0.425757 0.059452 0.032102
4 0.390466 0.431164 0.063322 0.037575
4 0.260735 0.518503 0.076257 0.058791
4 0.602796 0.479381 0.062841 0.043452
4 0.619682 0.355064 0.027928 0.015948
8 0.674017 0.365788 0.039488 0.031340
8 0.423319 0.476069 0.060546 0.059582
8 0.703748 0.418014 0.071780 0.055944
8 0.457232 0.505734 0.064445 0.051875
4 0.375266 0.507852 0.061364 0.053391
8 0.659455 0.346065 0.032967 0.022296
4 0.992712 0.333930 0.013391 0.015765
4 0.505382 0.410592 0.037185 0.027510
4 0.556947 0.495352 0.057454 0.047142
4 0.438803 0.452119 0.053934 0.032148
