9 0.799535 0.577598 0.172382 0.148038
4 0.483376 0.485426 0.062778 0.039266
4 0.539466 0.541326 0.111063 0.073058
9 0.910434 0.945616 0.178926 0.108174
4 0.617888 0.476265 0.044885 0.036480
8 0.707710 0.451932 0.068109 0.056677
8 0.519522 0.415530 0.039912 0.027377
8 0.645779 0.426443 0.062361 0.040320
9 0.083299 0.665390 0.166123 0.084402
8 0.762972 0.417428 0.038108 0.031037
9 0.408055 0.612280 0.113431 0.071644
4 0.729246 0.483610 0.067587 0.033095
4 0.733448 0.506431 0.066154 0.039713
0 0.235073 0.946783 0.240510 0.106044
4 0.506026 0.468005 0.055318 0.028912
4 0.516133 0.744666 0.170245 0.137517
9 0.797263 0.468192 0.072230 0.055236
4 0.538052 0.455341 0.038997 0.021785
8 0.658346 0.396320 0.030441 0.018746
8 0.745855 0.396787 0.029710 0.021011
8 0.712018 0.399899 0.034020 0.020284
8 0.732435 0.376676 0.029822 0.020241
