4 0.548296 0.548315 0.104444 0.067317
4 0.580331 0.484503 0.069293 0.046306
9 0.759470 0.488897 0.147959 0.108683
8 0.214254 0.703393 0.395560 0.123859
4 0.613538 0.417617 0.057841 0.033153
4 0.473618 0.451850 0.062352 0.038760
8 0.510733 0.382634 0.039682 0.026314
8 0.693627 0.377519 0.043208 0.035967
4 0.431727 0.483363 0.057758 0.043869
4 0.478241 0.520142 0.058821 0.050367
8 0.726249 0.344857 0.030304 0.021996
4 0.581642 0.393719 0.042969 0.016567
4 0.538286 0.455600 0.054921 0.034774
9 0.788459 0.437415 0.076469 0.056366
8 0.656810 0.358809 0.034742 0.023992
8 0.754223 0.385630 0.040582 0.030802
4 0.437410 0.541092 0.074697 0.055587
8 0.627828 0.354742 0.023500 0.011582
8 0.738288 0.364638 0.029735 0.019267
9 0.298971 0.572230 0.104127 0.065165
0 0.647614 0.454676 0.025454 0.018994
4 0.551396 0.403013 0.029946 0.020391
