4 0.566745 0.569447 0.128940 0.087100
4 0.292239 0.463707 0.086415 0.051958
8 0.343276 0.369855 0.054451 0.036113
8 0.666843 0.372886 0.049898 0.041195
4 0.323339 0.438160 0.072066 0.043818
8 0.435041 0.418054 0.139712 0.134569
8 0.628312 0.317667 0.036070 0.024546
8 0.711463 0.440042 0.086090 0.072248
8 0.609519 0.443595 0.085534 0.077563
4 0.585528 0.348126 0.032507 0.020005
4 0.600524 0.372619 0.047281 0.020237
4 0.935640 0.306465 0.025574 0.012506
4 0.960641 0.308644 0.027360 0.013144
4 0.505503 0.357473 0.025237 0.019078
4 0.591966 0.329907 0.028682 0.014489
4 0.853676 0.303200 0.016534 0.010040
4 0.605837 0.360035 0.046211 0.020642
8 0.644691 0.345796 0.039979 0.026250
