4 0.640459 0.827182 0.364372 0.108126
8 0.571282 0.734363 0.380594 0.104208
4 0.663223 0.501325 0.051397 0.027479
4 0.313353 0.822261 0.150943 0.121408
4 0.441739 0.535035 0.061680 0.038569
8 0.476287 0.466234 0.039503 0.026624
8 0.718010 0.466461 0.037747 0.030441
8 0.686433 0.425649 0.031037 0.018835
9 0.752802 0.516835 0.073762 0.056239
8 0.752593 0.516889 0.074340 0.056680
4 0.462658 0.515777 0.057487 0.034505
0 0.951042 0.930161 0.095843 0.092454
8 0.698983 0.446616 0.032138 0.022928
4 0.332951 0.615986 0.079855 0.056644
8 0.650830 0.445974 0.040050 0.027414
4 0.973633 0.441032 0.031504 0.012678
8 0.652895 0.421555 0.022534 0.017128
4 0.602912 0.460728 0.030186 0.019460
4 0.620994 0.429469 0.021610 0.013118
8 0.400053 0.567817 0.054683 0.040624
4 0.974414 0.461553 0.050573 0.021236
4 0.678136 0.469522 0.024012 0.018186
4 0.419987 0.598084 0.053505 0.036554
