4 0.653108 0.654004 0.110510 0.073330
4 0.619272 0.746731 0.142995 0.126006
4 0.536753 0.581146 0.082731 0.053660
4 0.637517 0.570114 0.053724 0.042398
4 0.587288 0.510370 0.051583 0.030810
4 0.028990 0.872293 0.057981 0.111836
4 0.286775 0.595882 0.064743 0.047505
4 0.500024 0.526244 0.057533 0.032100
8 0.391253 0.465075 0.039861 0.026917
4 0.405271 0.640167 0.137405 0.114201
4 0.347938 0.534453 0.063500 0.038444
4 0.214499 0.618801 0.076150 0.056090
4 0.597022 0.462417 0.027519 0.014545
8 0.302532 0.794504 0.187456 0.145398
4 0.667269 0.530485 0.059060 0.033504
8 0.632967 0.469587 0.040082 0.031291
0 0.907075 0.754941 0.150316 0.054296
4 0.481785 0.507110 0.065899 0.045880
4 0.260869 0.674640 0.102574 0.071273
9 0.261164 0.674534 0.101830 0.071255
9 0.660849 0.519887 0.071302 0.055067
4 0.302581 0.794948 0.187455 0.144763
8 0.604504 0.428861 0.024059 0.017821
4 0.878989 0.443097 0.029072 0.012404
4 0.404000 0.564830 0.077720 0.060466
4 0.922459 0.681321 0.137194 0.064428
9 0.922513 0.681329 0.137925 0.064490
9 0.403795 0.564637 0.077736 0.060632
9 0.481660 0.506373 0.066269 0.045275
