4 0.716933 0.618153 0.161107 0.105947
9 0.177919 0.883137 0.352872 0.232047
4 0.468551 0.686222 0.183878 0.127982
4 0.333442 0.447561 0.083755 0.051572
8 0.390711 0.357135 0.055665 0.039310
4 0.697784 0.507414 0.110651 0.085397
9 0.756934 0.430561 0.083960 0.070984
4 0.281236 0.547360 0.097710 0.069715
9 0.520698 0.774619 0.143447 0.128894
4 0.557660 0.356806 0.058680 0.034143
4 0.397381 0.531646 0.088295 0.065875
8 0.679605 0.307133 0.039537 0.024696
4 0.665278 0.365871 0.047695 0.026202
4 0.385680 0.462713 0.054105 0.046440
4 0.602375 0.345340 0.036009 0.016886
0 0.096021 0.681902 0.063438 0.055161
8 0.691880 0.335786 0.043123 0.028221
8 0.417193 0.393876 0.088885 0.058364
9 0.676103 0.456656 0.105859 0.080227
4 0.534211 0.470220 0.114096 0.094784
4 0.368271 0.421085 0.072146 0.038924
4 0.649649 0.345913 0.042571 0.018715
4 0.760061 0.444056 0.074898 0.045082
9 0.205290 0.524630 0.084620 0.066915
4 0.536835 0.315864 0.025824 0.012144
0 0.256631 0.576996 0.032455 0.022509
4 0.952241 0.294843 0.026751 0.011750
4 0.631613 0.336809 0.036512 0.018284
