4 0.229808 0.907478 0.239713 0.184653
4 0.072863 0.830583 0.143949 0.134495
4 0.417328 0.606296 0.069481 0.056279
4 0.409427 0.522065 0.062321 0.038280
8 0.367131 0.551506 0.056622 0.043810
0 0.518685 0.978282 0.093986 0.042961
4 0.637203 0.446577 0.030471 0.015583
8 0.688319 0.456864 0.041024 0.030395
8 0.445731 0.453849 0.042579 0.026436
4 0.430217 0.502498 0.059010 0.035090
8 0.298162 0.600985 0.076896 0.049058
8 0.722194 0.507147 0.073110 0.055916
9 0.962732 0.675189 0.074537 0.077746
4 0.972511 0.860624 0.054726 0.078979
4 0.507716 0.482072 0.023557 0.018474
8 0.614213 0.420150 0.032223 0.019436
0 0.416558 0.563622 0.027469 0.021832
0 0.976338 0.733379 0.047067 0.048661
4 0.298164 0.600474 0.076617 0.049371
4 0.366734 0.553380 0.055357 0.039766
8 0.660354 0.415755 0.022248 0.018626
8 0.627024 0.404262 0.020877 0.015638
