4 0.668172 0.764144 0.188678 0.157163
8 0.438317 0.408521 0.041146 0.026708
4 0.636033 0.465971 0.056692 0.033060
9 0.474470 0.506226 0.137156 0.105848
9 0.693127 0.525781 0.141592 0.110224
4 0.398402 0.478191 0.058402 0.039296
9 0.324862 0.594588 0.089112 0.063165
4 0.570557 0.435071 0.030611 0.021663
4 0.581920 0.398398 0.025995 0.012994
4 0.456607 0.448644 0.038347 0.020085
9 0.713251 0.462613 0.074722 0.053792
9 0.532779 0.438087 0.051582 0.042728
8 0.652112 0.371812 0.027912 0.021360
4 0.553600 0.381477 0.021027 0.011428
0 0.565521 0.461919 0.021448 0.025720
8 0.712984 0.462661 0.074720 0.054064
8 0.681065 0.412336 0.040433 0.029778
8 0.662419 0.392861 0.034461 0.022182
8 0.632613 0.432317 0.043357 0.033861
