4 0.454136 0.760900 0.208899 0.151436
4 0.288883 0.469823 0.085337 0.052029
4 0.308672 0.573378 0.124830 0.076555
8 0.341508 0.376696 0.055708 0.036156
4 0.423232 0.520875 0.081905 0.058319
4 0.431604 0.473673 0.059468 0.043326
8 0.627166 0.324580 0.038799 0.025300
4 0.052209 0.654158 0.102915 0.109571
9 0.708864 0.446713 0.086502 0.072654
9 0.592293 0.528213 0.195051 0.208326
4 0.320985 0.441456 0.074229 0.036937
4 0.526758 0.392102 0.070889 0.039002
4 0.603519 0.432637 0.098362 0.045245
8 0.511438 0.355746 0.083464 0.062953
8 0.662735 0.379763 0.054793 0.038208
4 0.907893 0.318008 0.022634 0.013104
8 0.588883 0.348924 0.039205 0.036178
4 0.958374 0.315896 0.024918 0.014219
9 0.526801 0.391972 0.071007 0.039583
8 0.641647 0.354104 0.041671 0.029413
