4 0.675431 0.577691 0.145728 0.097604
4 0.689521 0.478768 0.107835 0.067347
9 0.751934 0.408935 0.096282 0.073117
4 0.656866 0.440114 0.094541 0.055627
9 0.082589 0.706819 0.151944 0.118294
8 0.386618 0.340086 0.054475 0.036585
4 0.474557 0.538231 0.095550 0.074280
4 0.334232 0.437222 0.086010 0.059963
4 0.523864 0.494075 0.114660 0.082984
8 0.709804 0.340802 0.052084 0.039467
4 0.201096 0.602521 0.144233 0.090480
8 0.574895 0.359006 0.062113 0.045344
4 0.289126 0.530481 0.094096 0.075538
4 0.388468 0.464344 0.095374 0.046994
4 0.529220 0.297506 0.024699 0.011835
8 0.672001 0.286153 0.036171 0.025664
4 0.367024 0.408803 0.072945 0.044290
4 0.499689 0.385687 0.053016 0.036944
4 0.538632 0.442364 0.076340 0.037073
4 0.418715 0.442029 0.061159 0.043008
4 0.562401 0.425130 0.042012 0.034908
4 0.631911 0.337017 0.045025 0.029733
4 0.637912 0.406623 0.075329 0.050736
4 0.685296 0.315986 0.042529 0.030065
