4 0.557421 0.478699 0.080339 0.049114
4 0.647981 0.468375 0.076428 0.047820
8 0.434454 0.338481 0.041074 0.027679
4 0.524440 0.433528 0.064924 0.040309
4 0.478621 0.475842 0.063997 0.043844
9 0.945825 0.563148 0.108349 0.074446
8 0.258749 0.493055 0.072917 0.055230
4 0.643485 0.430739 0.073491 0.038189
4 0.389924 0.408383 0.060597 0.039067
9 0.448355 0.413690 0.077372 0.059729
8 0.329723 0.469549 0.061268 0.047648
0 0.459402 0.511990 0.034553 0.029838
8 0.678655 0.344249 0.039103 0.032113
9 0.706541 0.395707 0.071434 0.055147
4 0.711930 0.406365 0.060329 0.033767
4 0.417519 0.450513 0.060152 0.037716
4 0.443566 0.424749 0.067707 0.037553
4 0.505663 0.397477 0.043477 0.025739
8 0.395735 0.476930 0.068653 0.060551
