4 0.626514 0.471561 0.080807 0.044505
4 0.085849 0.863262 0.168411 0.132551
4 0.456415 0.460081 0.070877 0.039203
4 0.300450 0.467069 0.082876 0.051429
8 0.348698 0.373073 0.054526 0.036755
9 0.715027 0.439363 0.097616 0.074042
4 0.707494 0.815044 0.227622 0.197208
4 0.212395 0.543593 0.108498 0.060294
4 0.406536 0.419747 0.039933 0.032267
4 0.330970 0.441176 0.073782 0.043468
4 0.709498 0.570464 0.092465 0.079962
4 0.618227 0.439938 0.070315 0.040485
9 0.126937 0.633043 0.252113 0.133870
8 0.631909 0.317657 0.039294 0.025963
8 0.672329 0.370180 0.046593 0.037527
4 0.362615 0.494838 0.066792 0.054298
9 0.419098 0.612294 0.115199 0.087017
4 0.394026 0.517654 0.084026 0.056154
4 0.071948 0.741720 0.143230 0.108791
9 0.071902 0.741999 0.142812 0.108243
4 0.994624 0.321586 0.010401 0.016228
4 0.489564 0.329835 0.025177 0.012415
4 0.538580 0.330234 0.019959 0.012508
8 0.647717 0.345283 0.039508 0.025166
4 0.584027 0.342198 0.031614 0.018106
4 0.496050 0.374421 0.043196 0.026015
0 0.406513 0.651964 0.029105 0.023673
