4 0.431883 0.450544 0.082804 0.047649
4 0.278496 0.461224 0.086270 0.052874
4 0.733107 0.731684 0.533786 0.147836
4 0.337793 0.580353 0.090078 0.082412
4 0.478242 0.588421 0.153203 0.134779
4 0.232391 0.575262 0.097252 0.069739
9 0.568239 0.468004 0.158316 0.153148
8 0.580726 0.313931 0.031773 0.021164
8 0.568446 0.358023 0.059311 0.047660
9 0.707854 0.609835 0.116784 0.089774
4 0.391846 0.429311 0.046498 0.036130
8 0.620487 0.319022 0.039641 0.024346
9 0.700248 0.442768 0.085609 0.073251
4 0.440208 0.407795 0.064904 0.038593
4 0.476471 0.328626 0.025089 0.010833
8 0.634794 0.347895 0.043327 0.029459
4 0.511476 0.347548 0.021703 0.011315
9 0.073463 0.615353 0.107398 0.085420
9 0.312127 0.434069 0.072503 0.046704
4 0.311221 0.434552 0.073368 0.045902
4 0.896195 0.321948 0.029115 0.016424
8 0.333652 0.368159 0.055175 0.035679
4 0.972802 0.344952 0.030711 0.019587
8 0.527229 0.315342 0.022893 0.016698
