4 0.272253 0.460180 0.085355 0.052125
4 0.585403 0.454049 0.079131 0.042598
8 0.321463 0.366470 0.054587 0.036844
4 0.303129 0.434401 0.073786 0.042895
9 0.691157 0.433671 0.087125 0.073250
4 0.593008 0.373961 0.045388 0.022299
4 0.436133 0.422651 0.062031 0.044760
8 0.517299 0.293063 0.027441 0.022660
4 0.951075 0.330766 0.032294 0.020194
4 0.521613 0.417381 0.076060 0.052404
8 0.621094 0.341091 0.043548 0.029544
4 0.569391 0.364494 0.041730 0.021012
4 0.288968 0.550392 0.135791 0.075405
8 0.356033 0.404211 0.078627 0.057799
4 0.928654 0.299522 0.042550 0.015081
4 0.545040 0.396219 0.053256 0.032381
4 0.377696 0.454255 0.049476 0.021687
8 0.604612 0.311997 0.037716 0.024430
9 0.605093 0.311883 0.038642 0.024611
4 0.983282 0.329428 0.016569 0.013942
9 0.289077 0.549920 0.135170 0.075583
4 0.984493 0.770201 0.030508 0.062048
9 0.627826 0.416917 0.046270 0.035846
8 0.565283 0.298156 0.027350 0.016318
