4 0.609242 0.573927 0.078348 0.048036
4 0.902996 0.760507 0.192249 0.063449
4 0.553184 0.496865 0.048086 0.026895
8 0.394300 0.446981 0.041053 0.026871
4 0.086451 0.883115 0.171812 0.138084
9 0.903710 0.839476 0.192580 0.155171
4 0.352095 0.516793 0.064545 0.039204
8 0.492478 0.449122 0.038541 0.031450
9 0.663768 0.501027 0.073666 0.053958
8 0.608360 0.409775 0.028399 0.018320
4 0.671303 0.511185 0.058183 0.032349
4 0.599291 0.445264 0.032284 0.017914
4 0.922344 0.435741 0.030669 0.017328
4 0.293053 0.575974 0.066910 0.043826
4 0.457417 0.515068 0.045637 0.032428
4 0.927622 0.659803 0.136924 0.061936
4 0.218579 0.603021 0.074060 0.059561
4 0.980050 0.425296 0.024789 0.011889
4 0.410223 0.525635 0.057616 0.045959
9 0.373470 0.494871 0.060370 0.031021
8 0.641950 0.451094 0.052159 0.029623
9 0.964515 0.417944 0.048747 0.022619
4 0.577566 0.431666 0.024115 0.012163
