4 0.372266 0.479333 0.065303 0.038910
4 0.531717 0.441789 0.050668 0.024750
8 0.414280 0.409986 0.040306 0.026431
4 0.598122 0.449649 0.050718 0.029475
4 0.357124 0.597427 0.077888 0.063736
9 0.285424 0.624313 0.090082 0.068446
4 0.671727 0.781522 0.131041 0.125030
4 0.575864 0.403517 0.027348 0.013059
4 0.239171 0.563796 0.076314 0.058349
9 0.936861 0.634780 0.126119 0.078289
9 0.684043 0.466875 0.070280 0.054550
4 0.603282 0.384843 0.022790 0.011626
0 0.453053 0.621337 0.038624 0.037236
4 0.396163 0.459399 0.055561 0.035059
4 0.982011 0.384332 0.034934 0.021232
4 0.618947 0.439770 0.026674 0.022072
9 0.491783 0.436360 0.031656 0.023503
4 0.311550 0.531871 0.067355 0.060942
4 0.553165 0.409650 0.021400 0.015091
4 0.533653 0.396513 0.023474 0.015196
8 0.655542 0.415773 0.039654 0.030573
4 0.522815 0.381371 0.019233 0.008567
4 0.655787 0.415488 0.040626 0.029625
0 0.946452 0.704219 0.105363 0.052343
