4 0.226892 0.637339 0.212261 0.093321
4 0.291599 0.570268 0.067445 0.043839
9 0.614533 0.739403 0.208350 0.158742
9 0.665325 0.497604 0.071924 0.054533
0 0.384748 0.620754 0.050846 0.035752
4 0.352143 0.509430 0.061661 0.036118
9 0.605265 0.660125 0.212397 0.117418
4 0.492132 0.527707 0.059247 0.041332
4 0.214854 0.588431 0.068860 0.045377
4 0.592157 0.512009 0.059054 0.041963
4 0.448167 0.551195 0.091159 0.060995
4 0.508097 0.492724 0.054005 0.035825
4 0.632815 0.552111 0.086616 0.057590
4 0.975336 0.454115 0.040518 0.019832
4 0.386827 0.529214 0.046222 0.032642
8 0.395873 0.443372 0.041280 0.031419
4 0.593316 0.474189 0.040429 0.027624
0 0.352753 0.604335 0.030104 0.030227
0 0.971669 0.763621 0.055540 0.069181
4 0.670147 0.507592 0.062633 0.033340
4 0.924363 0.657994 0.134192 0.061461
8 0.642514 0.445522 0.046800 0.030950
4 0.533978 0.475727 0.044176 0.029230
8 0.609565 0.405489 0.028284 0.018896
4 0.522064 0.441379 0.030672 0.013645
8 0.620350 0.426842 0.031564 0.021569
4 0.377708 0.493553 0.053334 0.026647
4 0.577799 0.434676 0.029691 0.015729
4 0.572425 0.404442 0.016322 0.006915
