4 0.666309 0.754876 0.335115 0.086834
4 0.387133 0.505178 0.065892 0.038328
4 0.628438 0.560928 0.059964 0.046657
4 0.507629 0.536238 0.058712 0.040644
8 0.576766 0.429240 0.041978 0.035400
8 0.430277 0.436698 0.039528 0.026161
8 0.672040 0.443541 0.036788 0.031486
4 0.450518 0.578410 0.063779 0.048722
0 0.957766 0.714218 0.084016 0.061848
8 0.646707 0.402318 0.028472 0.018498
9 0.698678 0.495179 0.072438 0.055056
4 0.369406 0.579837 0.064225 0.052578
4 0.613821 0.428670 0.028584 0.015084
8 0.653846 0.424384 0.031780 0.022224
4 0.861958 0.402208 0.015823 0.007847
4 0.703346 0.505431 0.063703 0.033714
4 0.411562 0.486429 0.054792 0.034739
8 0.420133 0.549406 0.064009 0.062274
4 0.518662 0.477342 0.034478 0.024035
9 0.419726 0.549397 0.063259 0.062385
4 0.254387 0.589682 0.075353 0.060064
