4 0.727916 0.585258 0.114971 0.066045
4 0.373760 0.489132 0.083992 0.052013
8 0.675962 0.378705 0.061150 0.039245
8 0.427299 0.396138 0.055031 0.035811
4 0.715477 0.524118 0.097060 0.051045
8 0.727951 0.373674 0.042489 0.028886
4 0.374354 0.550962 0.077516 0.057373
4 0.639090 0.462657 0.074458 0.037544
4 0.226694 0.577237 0.088930 0.063472
9 0.470522 0.552635 0.139828 0.090967
4 0.470356 0.552509 0.139853 0.091341
4 0.596192 0.560105 0.106306 0.070672
4 0.406646 0.464328 0.073183 0.041261
4 0.740707 0.544705 0.073698 0.044428
8 0.638540 0.335417 0.033689 0.028094
9 0.795543 0.466780 0.084472 0.070644
4 0.611975 0.447889 0.055013 0.037223
0 0.818441 0.531141 0.033306 0.030453
4 0.283022 0.604373 0.114707 0.071762
4 0.656970 0.490599 0.069735 0.035012
4 0.610249 0.502112 0.063855 0.044142
4 0.949755 0.336353 0.030833 0.017382
9 0.227159 0.577568 0.090534 0.062213
4 0.801674 0.480758 0.071245 0.043616
4 0.724795 0.471547 0.050839 0.039379
