4 0.446339 0.527872 0.106083 0.068165
4 0.556922 0.493020 0.089951 0.046679
8 0.274057 0.379788 0.054727 0.036450
4 0.219012 0.472847 0.085475 0.051735
4 0.459093 0.478619 0.075031 0.041770
9 0.641410 0.452930 0.083930 0.071871
4 0.576084 0.568828 0.113422 0.063454
4 0.447326 0.405235 0.050956 0.023406
4 0.220248 0.534865 0.078513 0.056097
4 0.585472 0.529236 0.079640 0.045963
4 0.458369 0.384288 0.044014 0.023921
8 0.575527 0.359911 0.042685 0.028962
9 0.318232 0.537663 0.143792 0.091753
8 0.560270 0.330615 0.035409 0.024729
4 0.252072 0.448102 0.073306 0.044120
0 0.173048 0.632228 0.112232 0.051372
4 0.072268 0.563270 0.095955 0.069715
8 0.488851 0.314892 0.026902 0.025938
8 0.513593 0.331020 0.037216 0.023855
9 0.120317 0.590155 0.105428 0.077760
4 0.348697 0.473483 0.087956 0.066121
4 0.398323 0.452778 0.048305 0.041350
4 0.120136 0.590223 0.104147 0.077107
4 0.644603 0.466531 0.076596 0.042941
9 0.072711 0.563821 0.097217 0.070794
4 0.419060 0.339838 0.023553 0.012030
9 0.348394 0.466723 0.086527 0.079579
