4 0.457827 0.692324 0.157978 0.115700
4 0.671745 0.593304 0.110922 0.075323
4 0.418858 0.538463 0.064403 0.046204
4 0.399339 0.905860 0.230477 0.187831
8 0.435192 0.408228 0.039430 0.027138
4 0.737984 0.523400 0.058508 0.045611
4 0.436540 0.490990 0.049494 0.035876
0 0.170274 0.728832 0.079280 0.063480
4 0.394806 0.477452 0.061079 0.039105
9 0.954024 0.631699 0.091952 0.075595
8 0.676399 0.413500 0.038904 0.030795
8 0.708282 0.463951 0.072150 0.054328
4 0.645591 0.471036 0.054668 0.045302
4 0.898307 0.384304 0.031748 0.015221
9 0.281476 0.555408 0.072131 0.055239
8 0.647187 0.371144 0.027106 0.018708
4 0.540730 0.378625 0.017929 0.008581
9 0.708474 0.463976 0.071864 0.054254
4 0.420286 0.455705 0.053105 0.031688
0 0.981511 0.739044 0.036029 0.043857
4 0.658702 0.394190 0.033678 0.021794
8 0.659144 0.393970 0.033943 0.021946
4 0.859852 0.368331 0.019117 0.014608
0 0.725896 0.822026 0.160080 0.182394
