4 0.698381 0.487432 0.093997 0.061171
4 0.477033 0.938681 0.475028 0.122049
4 0.446736 0.495355 0.098585 0.062631
4 0.524714 0.410088 0.056991 0.028054
4 0.556993 0.497675 0.067050 0.054620
4 0.625020 0.449640 0.079732 0.050320
9 0.949624 0.566417 0.100753 0.073824
4 0.530643 0.446483 0.074716 0.046781
4 0.387638 0.413528 0.062305 0.039620
4 0.077306 0.633429 0.154611 0.101735
8 0.426283 0.343764 0.039116 0.027234
8 0.703774 0.399785 0.069280 0.055190
4 0.972673 0.927257 0.053531 0.133644
0 0.370278 0.619053 0.109593 0.036931
9 0.163998 0.539545 0.139844 0.058132
4 0.446854 0.455531 0.075700 0.048026
8 0.671513 0.347866 0.038785 0.030605
9 0.343674 0.508203 0.083753 0.054821
8 0.653098 0.328928 0.034705 0.023084
4 0.732295 0.458338 0.052064 0.042668
4 0.311403 0.465170 0.060139 0.042944
4 0.534533 0.313144 0.018254 0.008922
4 0.549515 0.471995 0.074154 0.047159
8 0.643303 0.306166 0.029900 0.019495
9 0.703517 0.399823 0.070061 0.055440
4 0.451209 0.432350 0.079740 0.045024
4 0.261492 0.501257 0.075265 0.058028
0 0.268883 0.622727 0.103316 0.045533
0 0.876788 0.487290 0.045233 0.020106
4 0.990384 0.315845 0.017553 0.020815
4 0.653247 0.329183 0.033926 0.022698
4 0.603414 0.327558 0.027313 0.015080
