4 0.708856 0.599526 0.093969 0.060414
8 0.656031 0.459748 0.047852 0.041623
8 0.750060 0.516591 0.073630 0.055858
4 0.438549 0.535717 0.063805 0.039182
8 0.472009 0.466784 0.039680 0.026241
4 0.600223 0.599495 0.064039 0.052237
4 0.398452 0.568379 0.058125 0.037972
4 0.601214 0.470759 0.030656 0.016568
0 0.789242 0.602669 0.040234 0.032626
8 0.683696 0.425679 0.031286 0.020141
4 0.502939 0.593207 0.088371 0.065524
9 0.664405 0.515433 0.086411 0.065432
8 0.713958 0.465741 0.038256 0.029366
4 0.562469 0.502573 0.060792 0.042325
9 0.502832 0.593197 0.088121 0.065209
9 0.750032 0.516451 0.073282 0.055720
9 0.329687 0.617827 0.075920 0.055218
4 0.965258 0.434796 0.038478 0.017230
4 0.982498 0.671589 0.035004 0.060351
8 0.695447 0.446580 0.028734 0.021023
4 0.522783 0.542822 0.048701 0.039930
