4 0.460428 0.601659 0.084191 0.048675
4 0.772518 0.580496 0.057714 0.046790
4 0.717952 0.858804 0.257814 0.129988
0 0.251143 0.749624 0.121900 0.037688
8 0.711716 0.469317 0.038210 0.029773
8 0.469575 0.463334 0.037792 0.026806
4 0.429415 0.531204 0.060930 0.036633
4 0.535440 0.575825 0.079307 0.056558
4 0.387845 0.563017 0.057432 0.041763
4 0.609782 0.482519 0.046633 0.032570
9 0.972004 0.686003 0.055991 0.066511
4 0.473436 0.546075 0.055952 0.035646
4 0.634792 0.428481 0.021911 0.012737
0 0.023780 0.711596 0.046168 0.038846
8 0.666032 0.458836 0.036339 0.024490
9 0.650756 0.582918 0.114771 0.083636
9 0.745723 0.520413 0.067561 0.055025
4 0.454573 0.511919 0.052705 0.032274
8 0.745507 0.520426 0.068351 0.054857
8 0.682381 0.428009 0.028073 0.018047
8 0.564794 0.545485 0.062391 0.061381
4 0.945046 0.425997 0.016471 0.009573
4 0.529099 0.506018 0.033190 0.028779
