4 0.568147 0.404751 0.060863 0.038097
8 0.435823 0.338575 0.039682 0.028076
4 0.270790 0.497159 0.075031 0.057052
4 0.395050 0.410090 0.061523 0.039016
8 0.623064 0.300155 0.033693 0.029578
9 0.711441 0.390734 0.075113 0.055224
0 0.158975 0.976835 0.103139 0.045818
9 0.327021 0.639368 0.116743 0.087581
8 0.651960 0.297402 0.030731 0.020063
4 0.420169 0.382659 0.051304 0.018858
8 0.444351 0.420208 0.098179 0.064335
4 0.552759 0.336673 0.038294 0.021748
4 0.929866 0.308320 0.031572 0.012180
9 0.669355 0.571674 0.122896 0.145938
4 0.662466 0.319982 0.034782 0.022302
4 0.679204 0.336607 0.040611 0.025415
9 0.205911 0.629425 0.086758 0.050783
4 0.977622 0.317293 0.035070 0.026484
9 0.646772 0.428278 0.129105 0.131056
4 0.718606 0.400878 0.058559 0.034640
