4 0.358362 0.670139 0.308780 0.074186
4 0.589663 0.523429 0.089348 0.060668
4 0.339509 0.526620 0.098848 0.061731
0 0.393560 0.788807 0.177787 0.072474
4 0.286850 0.442027 0.065308 0.038966
4 0.425900 0.487212 0.054637 0.046265
4 0.518132 0.416657 0.050688 0.030437
9 0.586677 0.929595 0.691024 0.139959
4 0.853708 0.609111 0.142009 0.076364
4 0.398442 0.420180 0.048008 0.031615
4 0.438338 0.395409 0.043925 0.023281
4 0.420609 0.456270 0.058662 0.031072
4 0.207855 0.494852 0.068925 0.049539
9 0.056100 0.624427 0.111512 0.077829
9 0.601360 0.437236 0.071679 0.054209
4 0.626388 0.495591 0.052210 0.043370
9 0.060040 0.561745 0.120079 0.057649
9 0.295703 0.492520 0.089455 0.054372
4 0.056313 0.623966 0.111605 0.077975
4 0.592001 0.929570 0.700414 0.140129
4 0.151216 0.525283 0.078439 0.060824
8 0.332589 0.373092 0.041061 0.028919
4 0.925353 0.379358 0.029049 0.018408
4 0.517258 0.373188 0.032005 0.017399
9 0.853006 0.609056 0.140886 0.076017
4 0.965731 0.606748 0.068539 0.063676
0 0.861523 0.756073 0.095353 0.070078
4 0.312736 0.423206 0.054070 0.035229
4 0.490337 0.343215 0.019055 0.009033
8 0.550728 0.342085 0.028180 0.018462
4 0.442324 0.345910 0.019631 0.009490
9 0.939102 0.677225 0.121127 0.076310
