4 0.451163 0.595705 0.083829 0.048996
4 0.417113 0.529820 0.063065 0.039001
8 0.455550 0.460380 0.039642 0.026582
9 0.965314 0.683875 0.069373 0.075889
8 0.729306 0.515818 0.072639 0.055031
4 0.762030 0.574798 0.053201 0.045837
4 0.524538 0.547134 0.070413 0.047472
4 0.605389 0.453794 0.032846 0.016439
8 0.695915 0.465096 0.039046 0.030329
9 0.633353 0.562573 0.124324 0.091985
9 0.320338 0.750938 0.387688 0.095329
8 0.304012 0.607897 0.076931 0.056456
8 0.678783 0.445520 0.031397 0.022690
8 0.667466 0.423757 0.028569 0.018203
4 0.319983 0.750774 0.387035 0.096124
4 0.561746 0.430546 0.017198 0.008606
4 0.338065 0.649799 0.099195 0.070783
4 0.560309 0.513560 0.057207 0.045869
4 0.469661 0.531048 0.044047 0.033479
4 0.440840 0.504193 0.051217 0.026448
4 0.624242 0.433072 0.023610 0.013958
4 0.546313 0.479835 0.035851 0.021043
9 0.304342 0.607922 0.077446 0.056592
