4 0.299545 0.471397 0.085253 0.051576
4 0.622058 0.497979 0.097516 0.058482
0 0.228222 0.760372 0.248171 0.078263
4 0.590219 0.427465 0.065650 0.040381
4 0.362657 0.586810 0.095827 0.079025
4 0.504055 0.467174 0.091073 0.070439
0 0.068317 0.807089 0.134164 0.055204
8 0.348516 0.377078 0.054962 0.037013
4 0.479245 0.504002 0.065597 0.051558
4 0.629957 0.462781 0.086432 0.049891
4 0.384919 0.478547 0.079078 0.044281
4 0.508521 0.390737 0.043210 0.022478
4 0.347026 0.521703 0.079556 0.053662
4 0.413090 0.454389 0.060287 0.036863
4 0.584821 0.361471 0.035340 0.016399
4 0.594568 0.344199 0.032482 0.015560
4 0.723823 0.458206 0.074975 0.046518
4 0.329118 0.444440 0.072902 0.040975
8 0.675386 0.377222 0.066178 0.041372
9 0.271230 0.553494 0.103816 0.090347
9 0.714486 0.444624 0.094974 0.074157
9 0.215219 0.955252 0.428724 0.088636
8 0.631138 0.322210 0.036775 0.026095
4 0.443349 0.432953 0.045377 0.036080
4 0.209960 0.954992 0.418405 0.089221
8 0.645797 0.351526 0.041810 0.029796
4 0.488868 0.335085 0.022964 0.011065
8 0.465446 0.399913 0.060233 0.041865
4 0.506595 0.364701 0.025431 0.017821
9 0.214096 0.594202 0.108901 0.065181
