4 0.716861 0.730767 0.159316 0.115972
4 0.328385 0.656882 0.174391 0.076252
4 0.679296 0.589163 0.092603 0.058726
4 0.650008 0.542196 0.082298 0.051304
4 0.399804 0.537456 0.084243 0.046056
4 0.504604 0.645046 0.120471 0.083455
4 0.525258 0.519649 0.062902 0.041118
4 0.168056 0.672573 0.127613 0.079573
4 0.464131 0.480116 0.062202 0.039943
4 0.319299 0.589820 0.078669 0.062272
4 0.400204 0.507273 0.055900 0.027985
8 0.420993 0.421681 0.040575 0.027248
4 0.525179 0.483884 0.037287 0.029940
9 0.690594 0.479213 0.068387 0.054399
8 0.664491 0.428293 0.042171 0.030789
4 0.241197 0.575790 0.070558 0.060147
4 0.695109 0.489447 0.059403 0.033992
4 0.376922 0.490325 0.061931 0.038096
4 0.983352 0.670945 0.032597 0.044870
8 0.637390 0.386629 0.026790 0.018655
8 0.646919 0.407791 0.030279 0.019885
0 0.026406 0.825154 0.052269 0.052628
0 0.370127 0.609829 0.037811 0.021144
