4 0.334470 0.520476 0.072511 0.052674
4 0.276502 0.491969 0.082514 0.050877
9 0.115845 0.721256 0.229144 0.096949
4 0.476810 0.510644 0.101777 0.081567
4 0.819947 0.813764 0.360107 0.130628
9 0.563339 0.429813 0.098386 0.091991
9 0.697885 0.469357 0.086466 0.071520
8 0.331384 0.399172 0.055494 0.036268
4 0.418898 0.439676 0.042244 0.031389
8 0.553965 0.349718 0.036722 0.028098
9 0.651097 0.529263 0.081100 0.059759
4 0.569326 0.368254 0.031315 0.016601
4 0.472882 0.358681 0.026107 0.011657
8 0.616234 0.348712 0.039993 0.027793
4 0.909320 0.360439 0.039913 0.014331
9 0.109677 0.609786 0.098422 0.071504
8 0.956501 0.364664 0.058443 0.032748
4 0.309082 0.467191 0.078123 0.043052
8 0.649360 0.412412 0.077882 0.049889
4 0.631617 0.375321 0.042497 0.026030
4 0.521190 0.379709 0.037496 0.017090
9 0.649917 0.412282 0.077306 0.050147
