4 0.713142 0.618288 0.095120 0.060405
4 0.606529 0.616587 0.063265 0.051586
4 0.504819 0.613385 0.088773 0.064398
4 0.446350 0.549883 0.062964 0.039290
8 0.483535 0.480899 0.039729 0.026577
9 0.761375 0.535041 0.070827 0.055784
0 0.791797 0.623819 0.033897 0.030955
0 0.411631 0.654202 0.065378 0.036410
8 0.608344 0.499112 0.050448 0.039349
8 0.696168 0.443093 0.029292 0.019016
9 0.334729 0.629044 0.077169 0.053747
0 0.962313 0.735506 0.074690 0.055210
9 0.683272 0.562737 0.102426 0.083286
4 0.563758 0.540659 0.069520 0.053068
8 0.726567 0.484095 0.037635 0.028923
8 0.707431 0.462610 0.030581 0.018646
4 0.514623 0.572258 0.073422 0.045644
4 0.404124 0.582330 0.055980 0.040428
0 0.902938 0.651867 0.035512 0.035654
