8 0.497882 0.597537 0.142702 0.111110
8 0.075162 0.682581 0.149269 0.093571
4 0.736982 0.659368 0.124482 0.102616
4 0.608542 0.518912 0.062436 0.036085
8 0.445117 0.454861 0.039505 0.027515
4 0.644947 0.505483 0.048566 0.025556
4 0.576899 0.500841 0.048992 0.028303
4 0.219596 0.716272 0.126986 0.088549
4 0.509870 0.531630 0.054673 0.023771
8 0.466458 0.564377 0.089225 0.066538
9 0.963584 0.668916 0.072831 0.064974
8 0.686916 0.457594 0.036705 0.029697
4 0.638509 0.480761 0.042318 0.021676
0 0.979667 0.715928 0.040666 0.055567
8 0.367073 0.557067 0.060095 0.041604
9 0.737082 0.659485 0.124645 0.103338
9 0.520492 0.905008 0.223117 0.153064
8 0.623444 0.415853 0.025513 0.018472
4 0.407765 0.524439 0.060600 0.038966
9 0.720547 0.508398 0.071649 0.055307
4 0.528660 0.512153 0.036991 0.029089
0 0.686928 0.537456 0.025274 0.020958
4 0.580152 0.455414 0.031200 0.016242
4 0.431317 0.504289 0.051121 0.033496
8 0.656396 0.418111 0.026979 0.020649
4 0.895045 0.419836 0.028345 0.014691
4 0.522765 0.494276 0.054924 0.028643
0 0.702293 0.593470 0.025915 0.028027
4 0.637698 0.549686 0.069580 0.048491
4 0.518944 0.904893 0.220633 0.153416
8 0.295681 0.601652 0.078552 0.050815
4 0.474394 0.518536 0.039463 0.028524
4 0.922213 0.435149 0.023308 0.013844
