4 0.694055 0.825185 0.161088 0.127786
4 0.769377 0.669042 0.111279 0.075394
4 0.477824 0.738304 0.163837 0.117589
4 0.653443 0.631468 0.102776 0.062236
4 0.409533 0.667239 0.066333 0.039624
4 0.565731 0.541117 0.054863 0.033913
4 0.388597 0.574572 0.059132 0.043488
4 0.430024 0.542544 0.063111 0.039342
8 0.466870 0.473298 0.039627 0.027185
4 0.688905 0.566222 0.052405 0.037687
4 0.473366 0.624084 0.071740 0.056898
4 0.514124 0.530666 0.039146 0.031628
9 0.059008 0.699500 0.118008 0.090463
9 0.742529 0.527604 0.073377 0.055606
8 0.644204 0.450037 0.036938 0.027459
4 0.542245 0.509849 0.045117 0.022027
4 0.613889 0.527353 0.037675 0.028459
4 0.387755 0.877964 0.152543 0.153754
4 0.280619 0.688411 0.120076 0.072606
8 0.707768 0.476532 0.039916 0.030358
4 0.209315 0.756770 0.101620 0.057298
4 0.451947 0.522916 0.056804 0.035189
0 0.413963 0.618629 0.040238 0.027732
4 0.318158 0.621375 0.077861 0.051075
8 0.690715 0.457405 0.034256 0.021437
8 0.742234 0.527369 0.073486 0.055693
4 0.594675 0.505812 0.057961 0.039111
9 0.280843 0.688201 0.120546 0.072663
4 0.680372 0.543200 0.040502 0.030993
8 0.598596 0.458529 0.029149 0.021026
8 0.059436 0.699519 0.117766 0.091066
9 0.977333 0.689351 0.045241 0.064204
