4 0.305516 0.583862 0.133280 0.073046
9 0.562358 0.591156 0.218456 0.168697
9 0.570487 0.469399 0.117701 0.085740
4 0.405407 0.486029 0.057567 0.042613
4 0.325096 0.512448 0.072444 0.050865
4 0.245813 0.509905 0.072291 0.049364
4 0.435724 0.456327 0.058528 0.031902
4 0.189225 0.529131 0.074736 0.054381
4 0.562461 0.404100 0.038126 0.020371
4 0.639788 0.442686 0.060765 0.032753
9 0.748885 0.825635 0.213820 0.216748
4 0.321519 0.445161 0.064431 0.039529
4 0.894236 0.358635 0.024047 0.014587
4 0.527879 0.379578 0.043918 0.019193
8 0.607792 0.380148 0.040823 0.031981
4 0.507501 0.402538 0.041027 0.024898
8 0.580866 0.338791 0.028504 0.019445
4 0.816013 0.353692 0.020472 0.009209
4 0.851967 0.357891 0.021783 0.014185
8 0.364379 0.375406 0.041226 0.027778
0 0.979929 0.649735 0.039840 0.044732
4 0.346331 0.426514 0.051088 0.031570
4 0.560163 0.387650 0.036094 0.019144
4 0.955925 0.358002 0.019955 0.010137
9 0.637308 0.432022 0.066235 0.054222
4 0.467408 0.427273 0.059080 0.041475
4 0.396405 0.439351 0.037001 0.031220
8 0.589514 0.361455 0.035089 0.022327
4 0.473743 0.345932 0.017989 0.009037
8 0.936359 0.350047 0.045688 0.022899
