4 0.603142 0.494689 0.077370 0.049966
4 0.360180 0.465855 0.064726 0.038990
4 0.299045 0.525912 0.063483 0.045293
4 0.638466 0.569151 0.107977 0.091644
4 0.579531 0.467084 0.063360 0.029126
8 0.402454 0.396166 0.039900 0.027006
4 0.538202 0.442073 0.047341 0.025359
4 0.228816 0.550581 0.075246 0.057001
4 0.327390 0.564950 0.126173 0.064453
4 0.678921 0.461560 0.059381 0.033385
4 0.931913 0.617031 0.135815 0.075477
4 0.465314 0.477571 0.084855 0.059179
4 0.891109 0.370293 0.030925 0.014106
8 0.644076 0.401127 0.038731 0.030532
8 0.617482 0.359064 0.028752 0.018689
4 0.383678 0.445816 0.057630 0.034952
4 0.588009 0.378995 0.025097 0.012124
4 0.853089 0.383510 0.034690 0.016066
9 0.931877 0.616924 0.135746 0.075118
4 0.594192 0.351780 0.017565 0.008096
4 0.598346 0.442066 0.034692 0.027180
9 0.940999 0.686465 0.114822 0.052351
4 0.954247 0.375472 0.033504 0.018988
4 0.557712 0.371579 0.021256 0.009743
4 0.509771 0.366064 0.020183 0.009382
8 0.625546 0.381677 0.033524 0.020469
