4 0.443378 0.579685 0.108975 0.064748
8 0.414102 0.448089 0.055062 0.036435
9 0.651969 0.672559 0.272959 0.305651
4 0.362404 0.540823 0.087495 0.050955
4 0.473412 0.554023 0.078527 0.042911
9 0.782690 0.516773 0.089735 0.072660
8 0.655216 0.447959 0.079808 0.057678
9 0.307595 0.637943 0.075550 0.064034
4 0.393103 0.515263 0.070204 0.041514
8 0.653779 0.393768 0.030723 0.019776
8 0.697076 0.395437 0.038920 0.024988
0 0.345422 0.617193 0.034686 0.032694
4 0.451851 0.531031 0.053614 0.033499
8 0.713868 0.424444 0.041031 0.027800
4 0.555854 0.406838 0.024151 0.012581
4 0.475431 0.493868 0.050296 0.045770
9 0.675402 0.500571 0.091882 0.051692
4 0.543877 0.525018 0.095124 0.052191
9 0.550366 0.506576 0.113598 0.092961
4 0.551483 0.452084 0.062685 0.017186
8 0.550467 0.495346 0.113051 0.070733
4 0.714002 0.424419 0.040820 0.027674
