4 0.335583 0.801441 0.182444 0.125776
9 0.639282 0.657257 0.212807 0.170333
4 0.651596 0.533741 0.062370 0.042454
0 0.172825 0.667373 0.085916 0.043199
4 0.501700 0.614035 0.120634 0.078528
8 0.464845 0.447554 0.041438 0.027222
4 0.746556 0.512423 0.057461 0.034633
9 0.971431 0.666505 0.057071 0.068289
8 0.705087 0.452232 0.040391 0.030437
4 0.424777 0.515824 0.063604 0.038062
4 0.659483 0.501245 0.069354 0.049260
4 0.313729 0.595227 0.077843 0.054972
4 0.573183 0.509184 0.063278 0.046221
4 0.545343 0.554977 0.081003 0.069995
9 0.739518 0.502292 0.071583 0.054389
4 0.451229 0.541518 0.057355 0.036059
4 0.420177 0.583038 0.080646 0.053836
9 0.715967 0.565083 0.099482 0.080609
8 0.676149 0.410644 0.028381 0.019063
4 0.348999 0.641478 0.095840 0.065355
4 0.620757 0.436343 0.031649 0.014247
4 0.383130 0.548180 0.053755 0.040551
4 0.448789 0.496289 0.052978 0.034694
4 0.501409 0.502381 0.042158 0.031297
4 0.907732 0.411481 0.018460 0.009339
