4 0.396559 0.497085 0.118157 0.067270
4 0.197404 0.743943 0.393229 0.116706
4 0.273748 0.449572 0.086257 0.052891
9 0.463525 0.418972 0.101796 0.059636
4 0.100393 0.949635 0.198568 0.100160
4 0.844865 0.726365 0.255889 0.105694
9 0.695456 0.434038 0.083839 0.071552
4 0.307403 0.424969 0.073379 0.044407
4 0.584955 0.352127 0.047320 0.022991
9 0.586798 0.493147 0.150598 0.121973
9 0.365363 0.396401 0.072885 0.058766
4 0.887157 0.304258 0.017168 0.010273
9 0.095336 0.559671 0.103450 0.070906
8 0.632856 0.340168 0.040986 0.027511
4 0.366208 0.794053 0.274185 0.130284
8 0.619705 0.310221 0.037842 0.025583
4 0.724412 0.863245 0.303961 0.156672
8 0.330571 0.356233 0.054557 0.033598
4 0.142276 0.524361 0.107002 0.063442
0 0.868643 0.660349 0.074688 0.034831
4 0.932923 0.305079 0.023948 0.012727
4 0.536508 0.342954 0.037196 0.020041
4 0.837342 0.307746 0.017169 0.011991
9 0.724421 0.863306 0.303720 0.157726
8 0.542810 0.304525 0.033935 0.016015
4 0.304641 0.397503 0.059271 0.017380
