4 0.546211 0.412140 0.062439 0.037468
4 0.664936 0.452557 0.073174 0.043447
4 0.451056 0.468681 0.057150 0.048879
4 0.156599 0.895140 0.226190 0.195527
8 0.416183 0.346274 0.041649 0.027168
9 0.687000 0.403038 0.072039 0.054297
4 0.620194 0.407727 0.056507 0.033293
4 0.499821 0.490556 0.068943 0.052384
4 0.373070 0.415384 0.062222 0.037765
8 0.633511 0.308897 0.029311 0.019087
4 0.537216 0.381810 0.042434 0.021006
4 0.465242 0.414478 0.059463 0.048488
4 0.602529 0.359559 0.032102 0.018347
4 0.296180 0.480150 0.068315 0.046528
8 0.408248 0.439972 0.044866 0.038975
9 0.859440 0.604640 0.280717 0.080229
8 0.663189 0.351455 0.046391 0.031335
4 0.525281 0.315359 0.017405 0.009013
8 0.596931 0.312576 0.028204 0.017346
8 0.369970 0.483005 0.065305 0.051772
0 0.285054 0.541862 0.058941 0.032936
4 0.486341 0.383996 0.032134 0.025276
9 0.883531 0.683265 0.232464 0.153041
0 0.624119 0.437060 0.023239 0.022579
