4 0.661466 0.523199 0.087621 0.051712
4 0.465453 0.535364 0.067555 0.055383
4 0.615323 0.464640 0.062193 0.034138
4 0.647279 0.493287 0.085460 0.048714
8 0.394722 0.373935 0.042190 0.027992
4 0.482676 0.471865 0.062799 0.037154
4 0.353076 0.444103 0.064660 0.038862
4 0.399269 0.475315 0.056202 0.037074
0 0.024321 0.606170 0.046716 0.068951
4 0.428412 0.434599 0.043845 0.033251
4 0.484535 0.393646 0.037582 0.019439
4 0.314537 0.542130 0.075892 0.059183
4 0.540211 0.477601 0.072419 0.028254
4 0.390644 0.530319 0.064519 0.057182
4 0.537987 0.367503 0.028536 0.014977
8 0.578883 0.356396 0.037275 0.023855
8 0.639948 0.379065 0.044878 0.030310
4 0.516773 0.376962 0.038013 0.016561
4 0.368882 0.485368 0.061925 0.032258
4 0.533868 0.448713 0.057967 0.033010
0 0.709372 0.677595 0.187835 0.055429
9 0.539611 0.513968 0.128191 0.075073
9 0.665967 0.430404 0.072266 0.055155
9 0.970904 0.345506 0.048828 0.022344
4 0.672510 0.440747 0.058434 0.034161
4 0.539588 0.513744 0.127493 0.074603
4 0.348012 0.510255 0.060762 0.046660
8 0.610963 0.336297 0.028118 0.018456
4 0.377311 0.424458 0.053094 0.032382
8 0.620157 0.359651 0.032598 0.021772
4 0.265859 0.506741 0.079505 0.046501
4 0.860976 0.348608 0.032409 0.016705
4 0.621001 0.359596 0.031615 0.021535
