4 0.612276 0.619158 0.162901 0.111459
4 0.620333 0.440079 0.086984 0.051095
4 0.966025 0.656474 0.067847 0.072565
4 0.301797 0.423360 0.078826 0.040812
9 0.712812 0.399283 0.106023 0.083041
4 0.605375 0.351123 0.051126 0.028059
4 0.578490 0.320721 0.041470 0.026705
4 0.333966 0.403237 0.072842 0.042015
8 0.676551 0.335866 0.051653 0.042109
8 0.637553 0.280667 0.037213 0.025395
4 0.491352 0.335857 0.043732 0.022684
4 0.616234 0.329013 0.043821 0.024371
9 0.380062 0.460212 0.076444 0.076762
0 0.772179 0.576945 0.040956 0.045257
8 0.653528 0.309485 0.043694 0.026879
