8 0.141251 0.709569 0.281500 0.141183
4 0.411153 0.532410 0.129567 0.077660
4 0.302338 0.446903 0.084747 0.051669
4 0.538016 0.382066 0.055422 0.030813
4 0.560764 0.414737 0.064947 0.041479
9 0.621962 0.494993 0.159708 0.128531
9 0.720822 0.425249 0.090974 0.073133
9 0.432757 0.465434 0.132676 0.069489
4 0.335324 0.421368 0.072279 0.043487
8 0.657629 0.330841 0.043448 0.028541
8 0.642087 0.302141 0.039778 0.026487
4 0.636117 0.358486 0.046993 0.033084
4 0.967512 0.312402 0.064975 0.037692
4 0.450537 0.419531 0.052118 0.032008
4 0.515592 0.331220 0.026484 0.016612
9 0.132309 0.557931 0.101850 0.069773
4 0.930907 0.284606 0.065672 0.016947
8 0.391824 0.392419 0.073385 0.058603
9 0.178650 0.523652 0.093856 0.061020
8 0.356237 0.351654 0.054123 0.033160
4 0.178738 0.523510 0.093579 0.062266
9 0.391714 0.392227 0.073873 0.058524
4 0.646273 0.403588 0.037836 0.035655
8 0.599391 0.328929 0.040217 0.029865
4 0.614085 0.426971 0.065711 0.015179
4 0.501297 0.358837 0.023324 0.012736
0 0.977136 0.649546 0.045678 0.046933
4 0.599225 0.329999 0.040322 0.027358
4 0.508481 0.345210 0.024536 0.013744
4 0.969752 0.439435 0.059806 0.033331
