4 0.397801 0.710587 0.107002 0.072079
4 0.439816 0.566204 0.065198 0.038391
4 0.441699 0.625418 0.063598 0.048284
8 0.661472 0.499991 0.054339 0.039012
8 0.473949 0.496849 0.039484 0.026963
9 0.166116 0.759069 0.330364 0.158772
4 0.742791 0.775803 0.154955 0.138617
4 0.329322 0.646425 0.081126 0.055922
9 0.591298 0.576233 0.081889 0.050443
0 0.472294 0.767306 0.037274 0.043799
9 0.751011 0.548099 0.074863 0.055662
4 0.591252 0.576225 0.081909 0.050984
8 0.396531 0.599231 0.054326 0.043235
4 0.460759 0.546588 0.055151 0.035045
9 0.742832 0.775825 0.155215 0.138497
4 0.931985 0.467495 0.032241 0.011658
4 0.601235 0.475785 0.026138 0.009639
8 0.685111 0.457428 0.030246 0.020730
8 0.697657 0.478670 0.030770 0.021983
4 0.396134 0.599524 0.054473 0.042154
8 0.716668 0.497707 0.037659 0.029668
4 0.548612 0.520380 0.025104 0.015344
4 0.513647 0.515393 0.028290 0.022481
4 0.644046 0.476651 0.025878 0.009791
