4 0.689291 0.540009 0.084339 0.052413
4 0.320542 0.570270 0.084709 0.060635
9 0.570917 0.535666 0.120996 0.080070
4 0.641757 0.485756 0.059814 0.035940
4 0.961121 0.376375 0.034113 0.017281
4 0.413124 0.548726 0.067086 0.059094
4 0.459078 0.603687 0.096387 0.069010
9 0.690026 0.444759 0.071908 0.055698
4 0.671125 0.508553 0.085318 0.048705
4 0.506810 0.486808 0.063007 0.036986
8 0.419427 0.389060 0.042059 0.026229
4 0.558260 0.464210 0.057098 0.031905
0 0.456571 0.726927 0.065582 0.060349
4 0.523656 0.451463 0.052422 0.031547
4 0.486055 0.426056 0.052250 0.030139
4 0.561679 0.493106 0.074933 0.028442
8 0.663844 0.393541 0.042863 0.032552
8 0.591845 0.401479 0.053464 0.037274
9 0.801727 0.958510 0.335743 0.082320
4 0.984820 0.361308 0.029772 0.022048
4 0.373136 0.526226 0.059831 0.045823
4 0.243382 0.543653 0.069666 0.054856
4 0.377707 0.459320 0.063645 0.039532
4 0.391638 0.502281 0.064173 0.036495
4 0.421769 0.492007 0.057197 0.036994
4 0.630970 0.467451 0.065740 0.035758
4 0.301545 0.524223 0.068053 0.048393
8 0.243469 0.544133 0.069679 0.055205
