4 0.541657 0.482403 0.078579 0.049025
4 0.755053 0.584160 0.160808 0.065780
9 0.703950 0.439235 0.113300 0.079785
4 0.452654 0.441569 0.063519 0.038661
4 0.690018 0.369116 0.031426 0.017681
4 0.412196 0.471404 0.058887 0.042742
8 0.490828 0.371328 0.039818 0.027303
4 0.567621 0.416130 0.035423 0.028581
9 0.770668 0.427063 0.066048 0.056185
0 0.942150 0.513118 0.050806 0.022259
8 0.705272 0.333207 0.030243 0.020701
8 0.640381 0.328266 0.030032 0.018086
4 0.475839 0.420897 0.054773 0.036652
8 0.669419 0.332875 0.027252 0.021203
4 0.775645 0.437737 0.054525 0.034890
4 0.642063 0.351668 0.024272 0.017241
4 0.717995 0.355085 0.035109 0.020919
8 0.735049 0.374445 0.039116 0.026860
0 0.083122 0.642080 0.164602 0.072381
4 0.628568 0.341211 0.016772 0.012120
4 0.591616 0.365771 0.030693 0.013608
8 0.342198 0.519747 0.079669 0.052824
9 0.472893 0.421090 0.060725 0.037125
8 0.717651 0.355105 0.035281 0.020567
