4 0.747892 0.780446 0.198415 0.158492
4 0.449542 0.458895 0.057438 0.033037
4 0.386891 0.543010 0.094918 0.058434
4 0.373390 0.455866 0.065031 0.038992
4 0.373692 0.495717 0.057032 0.040595
8 0.411490 0.385495 0.040811 0.027546
4 0.452800 0.643508 0.138973 0.095540
4 0.247114 0.542867 0.075656 0.059290
4 0.633166 0.490316 0.064617 0.040901
4 0.494061 0.438752 0.052155 0.034615
4 0.513666 0.480861 0.068854 0.055775
9 0.050441 0.616917 0.100076 0.064896
0 0.411402 0.590335 0.043630 0.039876
8 0.636192 0.367904 0.032932 0.022936
8 0.624870 0.345540 0.029010 0.019201
8 0.653099 0.386460 0.038819 0.029963
4 0.518244 0.353932 0.019165 0.008648
4 0.866043 0.352187 0.032525 0.014439
4 0.619982 0.453400 0.045149 0.026685
9 0.684800 0.437317 0.071096 0.055336
8 0.684879 0.437288 0.071510 0.055319
4 0.395768 0.435108 0.057406 0.034702
4 0.613596 0.431899 0.051414 0.034805
4 0.679351 0.541762 0.086673 0.070471
4 0.577985 0.362478 0.025531 0.017342
4 0.513641 0.404551 0.029661 0.019140
0 0.597788 0.399088 0.017984 0.016412
4 0.450428 0.406022 0.028317 0.020753
4 0.887721 0.345621 0.019609 0.011225
8 0.780243 0.334215 0.034733 0.019313
