4 0.483873 0.546105 0.067470 0.053036
8 0.459022 0.402227 0.039999 0.027471
8 0.700130 0.405031 0.040046 0.031738
4 0.418070 0.471796 0.064513 0.039332
4 0.497537 0.476136 0.059105 0.035114
8 0.729719 0.456857 0.072575 0.056036
4 0.404435 0.546526 0.064575 0.051874
8 0.612707 0.366443 0.029115 0.022094
4 0.531526 0.438637 0.033609 0.024892
4 0.286444 0.556502 0.065785 0.056929
4 0.549282 0.419246 0.027959 0.020000
4 0.929349 0.379066 0.038115 0.014590
8 0.673200 0.363834 0.026069 0.020463
4 0.566358 0.371596 0.018226 0.008993
4 0.651257 0.414436 0.026699 0.020539
4 0.496245 0.422030 0.027921 0.021792
9 0.334163 0.581091 0.069910 0.054854
4 0.574569 0.390552 0.022309 0.014634
4 0.442113 0.453070 0.056995 0.033279
8 0.683089 0.386533 0.035111 0.022662
