4 0.314218 0.371076 0.087460 0.052489
4 0.457798 0.456257 0.117398 0.076933
4 0.422610 0.360290 0.060198 0.041754
9 0.078630 0.768209 0.155737 0.141486
9 0.674855 0.460472 0.184845 0.163411
4 0.335011 0.538655 0.131762 0.092451
8 0.607128 0.305505 0.096844 0.102875
8 0.372556 0.277636 0.056164 0.036627
9 0.738530 0.357132 0.083699 0.073169
4 0.530881 0.235102 0.034902 0.012676
8 0.664858 0.230742 0.039956 0.025403
8 0.695719 0.297978 0.073802 0.050533
9 0.286059 0.470619 0.100898 0.074406
4 0.346899 0.344633 0.072036 0.044153
9 0.347189 0.344888 0.071328 0.045718
4 0.739518 0.371153 0.078207 0.045322
8 0.676433 0.259049 0.044870 0.025842
8 0.605461 0.232847 0.041604 0.032635
4 0.981599 0.234298 0.028740 0.013207
4 0.979945 0.251508 0.040111 0.025559
9 0.980048 0.251513 0.039777 0.025872
8 0.611259 0.207616 0.036358 0.017617
