8 0.521693 0.481366 0.143409 0.102315
4 0.520795 0.551195 0.128365 0.079678
4 0.322900 0.446567 0.082285 0.050434
4 0.643934 0.495919 0.098900 0.063392
8 0.396222 0.474232 0.112324 0.077233
8 0.373906 0.352967 0.054611 0.035706
4 0.336935 0.560193 0.141122 0.092038
8 0.511612 0.701431 0.580408 0.157477
4 0.442389 0.425018 0.080680 0.044630
8 0.693965 0.362952 0.077928 0.052678
4 0.663612 0.445854 0.116775 0.077186
4 0.079653 0.723366 0.157978 0.139195
9 0.716624 0.537575 0.108660 0.101033
8 0.608657 0.315807 0.043829 0.032615
4 0.354003 0.421944 0.073039 0.042867
8 0.603419 0.286027 0.041426 0.022550
4 0.275849 0.526744 0.062437 0.044667
4 0.534603 0.336244 0.024892 0.017835
8 0.659363 0.298381 0.040408 0.026258
9 0.743699 0.421546 0.087101 0.074194
4 0.165636 0.563686 0.105985 0.070810
4 0.382554 0.515430 0.094795 0.058150
4 0.674037 0.326475 0.043416 0.026418
4 0.748879 0.435204 0.075884 0.045379
4 0.934476 0.278942 0.024860 0.011295
4 0.577702 0.334654 0.030089 0.021679
9 0.079671 0.723468 0.158610 0.139849
9 0.163825 0.563353 0.102025 0.070240
0 0.970147 0.531377 0.058647 0.029096
9 0.659288 0.298432 0.041402 0.025746
4 0.716597 0.541802 0.107648 0.093160
8 0.765994 0.290481 0.034361 0.018835
