4 0.279657 0.634974 0.100238 0.074615
0 0.957796 0.825012 0.084368 0.105743
4 0.362179 0.484496 0.063722 0.039447
8 0.401642 0.415088 0.039768 0.026818
4 0.546325 0.411452 0.028024 0.014232
4 0.971784 0.418548 0.045981 0.017962
8 0.642847 0.420056 0.039347 0.030644
4 0.703975 0.529930 0.056537 0.045796
8 0.251227 0.562862 0.078347 0.050616
4 0.507632 0.385497 0.017973 0.008344
4 0.476887 0.455144 0.035450 0.025126
4 0.957905 0.729376 0.084191 0.086141
9 0.675157 0.471540 0.072575 0.055455
4 0.530777 0.399308 0.027304 0.018022
9 0.933607 0.637942 0.132786 0.077597
4 0.933938 0.637929 0.132123 0.078366
4 0.887414 0.393481 0.021896 0.014605
8 0.626023 0.400755 0.032612 0.021727
9 0.382585 0.464394 0.061077 0.035773
0 0.829472 0.700065 0.200168 0.054908
4 0.485616 0.435311 0.028415 0.018621
8 0.615015 0.378661 0.031787 0.018885
4 0.382346 0.464357 0.061768 0.035744
8 0.674691 0.471234 0.073265 0.055574
4 0.959944 0.405710 0.027076 0.015783
