8 0.388309 0.397969 0.039721 0.027561
9 0.125840 0.790896 0.170557 0.140290
8 0.850849 0.368052 0.046571 0.022072
4 0.223787 0.556531 0.075261 0.060658
4 0.348876 0.468375 0.060108 0.039170
8 0.361903 0.611150 0.117605 0.110864
4 0.493943 0.366498 0.020370 0.008530
8 0.600645 0.358368 0.028656 0.018009
8 0.611174 0.380249 0.033239 0.023084
8 0.660988 0.449878 0.072214 0.055278
4 0.513587 0.371338 0.020808 0.009947
8 0.958934 0.361172 0.044096 0.022658
4 0.373554 0.447528 0.055885 0.031410
4 0.974547 0.380739 0.030029 0.017513
8 0.629343 0.398838 0.039161 0.028874
9 0.661183 0.449882 0.072041 0.055273
4 0.610986 0.380286 0.033148 0.022730
4 0.442346 0.450445 0.042420 0.031126
4 0.536086 0.388834 0.026303 0.016083
4 0.802630 0.358013 0.023520 0.016283
4 0.544711 0.374602 0.017602 0.013104
4 0.934935 0.385457 0.029773 0.018327
8 0.550007 0.347956 0.026429 0.016018
4 0.722276 0.365642 0.021272 0.009026
4 0.944157 0.769788 0.111686 0.100642
4 0.837205 0.354363 0.022367 0.013602
