4 0.301106 0.473147 0.085817 0.053032
4 0.396574 0.607430 0.147607 0.099216
9 0.564209 0.893349 0.525262 0.157124
9 0.430285 0.501149 0.134871 0.086758
4 0.302365 0.525586 0.075955 0.052268
9 0.722070 0.450961 0.086420 0.071790
4 0.484615 0.462173 0.081937 0.045055
9 0.630451 0.542867 0.175669 0.144389
8 0.354046 0.379107 0.055066 0.036262
4 0.281693 0.553748 0.085683 0.055354
8 0.389341 0.417940 0.071523 0.059365
8 0.641652 0.328274 0.038408 0.025430
4 0.229169 0.595852 0.108691 0.075536
4 0.334015 0.447517 0.071142 0.043212
4 0.919818 0.333345 0.030988 0.014159
8 0.655605 0.357815 0.042925 0.029712
4 0.017255 0.735623 0.033735 0.085435
4 0.541562 0.386113 0.031003 0.024132
9 0.128212 0.582946 0.094971 0.064753
4 0.562116 0.466937 0.056476 0.049027
4 0.498720 0.338935 0.024137 0.011657
4 0.595031 0.368407 0.045643 0.036112
4 0.920939 0.319609 0.022739 0.010683
9 0.166765 0.544974 0.102543 0.055601
4 0.337687 0.419925 0.042010 0.015856
8 0.539861 0.344591 0.035328 0.025698
8 0.572360 0.296280 0.017322 0.015662
4 0.168881 0.544585 0.098908 0.054662
