8 0.084589 0.610327 0.167564 0.093425
4 0.595193 0.480619 0.081325 0.052582
9 0.654880 0.447450 0.073448 0.054329
4 0.342015 0.463291 0.064603 0.039204
4 0.462528 0.537498 0.069107 0.048351
4 0.541543 0.455208 0.060643 0.035406
8 0.210080 0.549391 0.072434 0.059227
8 0.592877 0.601455 0.168470 0.149410
4 0.698516 0.927925 0.190959 0.143710
4 0.286055 0.584080 0.088280 0.059519
4 0.918742 0.612990 0.145696 0.075198
4 0.351074 0.785283 0.149706 0.134860
4 0.862481 0.360861 0.018686 0.011355
4 0.216564 0.689017 0.126682 0.093393
9 0.918280 0.612846 0.145052 0.074924
8 0.381562 0.393420 0.037965 0.026405
4 0.970657 0.370234 0.028165 0.013299
4 0.580684 0.397818 0.038990 0.024535
9 0.217274 0.689128 0.124877 0.093486
9 0.089244 0.827096 0.178489 0.285823
9 0.467962 0.505002 0.077859 0.049759
9 0.351251 0.520528 0.068773 0.050949
8 0.282955 0.525143 0.066934 0.048343
9 0.593024 0.601805 0.168877 0.149774
4 0.467660 0.505239 0.080668 0.049778
4 0.832632 0.379904 0.034104 0.015141
9 0.954549 0.362737 0.047370 0.020635
8 0.597451 0.355979 0.031223 0.019503
4 0.364840 0.444110 0.058901 0.034316
4 0.992407 0.624900 0.014598 0.032423
8 0.285784 0.584438 0.088617 0.060706
4 0.282865 0.525301 0.066785 0.048460
4 0.573505 0.351951 0.019191 0.008999
0 0.637802 0.474263 0.025000 0.029493
4 0.659064 0.458280 0.063599 0.033434
4 0.576527 0.380159 0.024989 0.011335
