4 0.606023 0.575163 0.076530 0.047785
4 0.550064 0.551278 0.067411 0.042130
4 0.346545 0.516820 0.059751 0.038578
4 0.286374 0.577610 0.062447 0.046546
4 0.575860 0.497026 0.050655 0.027916
8 0.390992 0.447353 0.040237 0.026789
9 0.408318 0.520365 0.087720 0.060564
4 0.213225 0.604032 0.071294 0.060608
9 0.661201 0.502613 0.071145 0.054181
4 0.463226 0.477109 0.040715 0.023111
4 0.877425 0.429765 0.031441 0.015565
8 0.631708 0.451957 0.037011 0.031104
4 0.927645 0.435298 0.030780 0.013987
9 0.926962 0.669423 0.144785 0.077462
4 0.838843 0.435278 0.035453 0.015952
4 0.572160 0.475714 0.042570 0.022013
8 0.616276 0.429886 0.030148 0.016407
4 0.552224 0.454548 0.039494 0.024199
4 0.926615 0.669464 0.144169 0.077490
0 0.344884 0.609791 0.024595 0.032441
4 0.665329 0.512340 0.062289 0.033758
8 0.960861 0.416720 0.046980 0.019151
9 0.360450 0.586692 0.084347 0.065383
