4 0.687482 0.425451 0.073550 0.044230
4 0.483721 0.432813 0.076570 0.046301
4 0.371916 0.446631 0.084905 0.052126
4 0.637136 0.410065 0.057632 0.031987
9 0.795169 0.426117 0.089842 0.074150
8 0.425101 0.352940 0.054820 0.035882
8 0.430119 0.603253 0.111345 0.082891
8 0.711792 0.301723 0.039166 0.026762
4 0.199161 0.540440 0.094919 0.047441
4 0.697909 0.343944 0.042631 0.019037
4 0.622199 0.327552 0.030357 0.016531
9 0.141488 0.628086 0.281000 0.142784
4 0.669417 0.362003 0.048441 0.027764
8 0.727187 0.331363 0.041154 0.029768
4 0.692471 0.491075 0.098097 0.053835
4 0.615211 0.383137 0.059067 0.031672
8 0.459842 0.391516 0.072315 0.057831
0 0.960703 0.833677 0.078393 0.091447
4 0.403043 0.420234 0.071074 0.041731
4 0.350400 0.540187 0.067925 0.040945
9 0.438769 0.857185 0.420141 0.284705
8 0.665650 0.300312 0.033212 0.021137
4 0.266982 0.513590 0.088780 0.063860
8 0.616116 0.307045 0.034098 0.018259
9 0.266874 0.513403 0.087792 0.062937
8 0.523138 0.678570 0.488927 0.363261
4 0.673938 0.331543 0.036394 0.019736
0 0.557247 0.411750 0.023776 0.019896
8 0.882771 0.273769 0.030549 0.018088
