4 0.635832 0.489372 0.100490 0.062106
4 0.306611 0.459144 0.086102 0.050982
4 0.583832 0.423817 0.066427 0.037989
9 0.196961 0.852759 0.287439 0.145755
4 0.621389 0.445188 0.071799 0.037020
4 0.646381 0.389209 0.048302 0.024188
9 0.727334 0.437901 0.086168 0.073452
4 0.663277 0.411957 0.054335 0.029445
8 0.659799 0.343769 0.040870 0.028940
4 0.337964 0.435809 0.070663 0.040494
4 0.459031 0.445464 0.095747 0.076866
8 0.390825 0.404692 0.076675 0.058627
4 0.633859 0.367561 0.044469 0.021364
8 0.644973 0.314560 0.036588 0.025699
4 0.929383 0.305025 0.020350 0.012491
4 0.875311 0.305606 0.019808 0.012750
4 0.613205 0.348491 0.033803 0.016893
8 0.359917 0.365464 0.055671 0.034662
8 0.529526 0.327585 0.028574 0.018648
0 0.395934 0.454436 0.026273 0.023577
4 0.359709 0.365597 0.055710 0.034301
4 0.340636 0.407053 0.044084 0.016433
