4 0.370432 0.449498 0.064311 0.036920
4 0.297302 0.432399 0.065156 0.039178
4 0.167645 0.518998 0.076508 0.056311
0 0.966288 0.571688 0.067424 0.067154
8 0.517930 0.373955 0.057107 0.051666
8 0.336485 0.361790 0.040320 0.027951
4 0.912774 0.359616 0.046323 0.016442
4 0.618149 0.426157 0.059609 0.034423
4 0.321713 0.412646 0.055749 0.032934
8 0.552682 0.322118 0.027636 0.019225
4 0.976671 0.360047 0.041956 0.018260
9 0.610269 0.406303 0.071277 0.037500
8 0.563815 0.343989 0.031823 0.020700
4 0.862856 0.347843 0.020606 0.018734
0 0.351868 0.563904 0.034891 0.037460
4 0.763498 0.327539 0.027200 0.009226
4 0.908927 0.329053 0.052002 0.022658
9 0.909303 0.329173 0.053309 0.023668
